2 0.23814629629629627 0.17338563458856346 0.32456666666666667 0.25613807531380756 0.43691296296296295 0.3653891213389121 0.5035805555555555 0.31517991631799164 0.4122212962962963 0.23521757322175735 0.34925833333333334 0.17059623430962342 0.3122212962962963 0.1347991631799163 0.23814629629629627 0.17338563458856346
0 0.27314814814814814 0.14853556485355648 0.3027777777777778 0.14853556485355648 0.3027777777777778 0.1778242677824268 0.27314814814814814 0.1778242677824268
0 0.2361111111111111 0.19595536959553694 0.2796296296296296 0.19595536959553694 0.2796296296296296 0.2301255230125523 0.2361111111111111 0.2301255230125523
0 0.3324074074074074 0.25592747559274753 0.3592592592592593 0.25592747559274753 0.3592592592592593 0.2803347280334728 0.3324074074074074 0.2803347280334728
0 0.39629629629629626 0.199442119944212 0.4462962962962963 0.199442119944212 0.4462962962962963 0.21966527196652721 0.39629629629629626 0.21966527196652721
0 0.3222222222222222 0.16596931659693165 0.375 0.16596931659693165 0.375 0.18549511854951184 0.3222222222222222 0.18549511854951184
0 0.3537037037037037 0.17852161785216178 0.3796296296296296 0.17852161785216178 0.3796296296296296 0.20223152022315202 0.3537037037037037 0.20223152022315202
0 0.4666666666666667 0.3193863319386332 0.5 0.3193863319386332 0.5 0.33472803347280333 0.4666666666666667 0.33472803347280333
3 0.34341666666666665 0.1915934449093445 0.3458861111111111 0.24133751743375173 0.347737962962963 0.24738145048814505 0.37675 0.24668410041841005 0.40576296296296294 0.24505718270571825 0.40452777777777776 0.18601464435146445 0.3739722222222222 0.18973361227336122 0.34341666666666665 0.1915934449093445
6 0.347737037037037 0.30688842398884236 0.4489722222222222 0.2882928870292887 0.4588490740740741 0.28736262203626217 0.4662564814814815 0.3166513249651325 0.3458851851851852 0.3301338912133891 0.347737037037037 0.30688842398884236
6 0.39032962962962964 0.32037099023709903 0.33600833333333335 0.33292329149232913 0.43230555555555555 0.3928953974895398 0.4489722222222222 0.3766234309623431 0.39032962962962964 0.32037099023709903