6 0.4568111111111111 0.3729416666666666 0.48335462962962966 0.36345069444444444 0.562675925925926 0.41900625 0.5574287037037037 0.44030277777777777 0.482737037037037 0.39400625 0.4509472222222222 0.40511736111111113 0.4463175925925926 0.3930798611111111 0.4410703703703704 0.38104305555555557 0.4568111111111111 0.3729416666666666
6 0.4148361111111111 0.39470069444444444 0.5148361111111112 0.35882152777777776 0.5098981481481482 0.34493263888888887 0.4889101851851852 0.3386826388888889 0.4142185185185185 0.3782659722222222 0.4148361111111111 0.39470069444444444
0 0.35833333333333334 0.2222222222222222 0.38333333333333336 0.2222222222222222 0.38333333333333336 0.2465277777777778 0.35833333333333334 0.2465277777777778
0 0.5666666666666667 0.21805555555555556 0.5962962962962963 0.21805555555555556 0.5962962962962963 0.23888888888888887 0.5666666666666667 0.23888888888888887
0 0.6037037037037037 0.2625 0.6407407407407407 0.2625 0.6407407407407407 0.2854166666666667 0.6037037037037037 0.2854166666666667
0 0.4666666666666667 0.23819444444444446 0.48518518518518516 0.23819444444444446 0.48518518518518516 0.25416666666666665 0.4666666666666667 0.25416666666666665
0 0.3888888888888889 0.17847222222222223 0.4166666666666667 0.17847222222222223 0.4166666666666667 0.19375 0.3888888888888889 0.19375
0 0.42962962962962964 0.33958333333333335 0.44814814814814813 0.33958333333333335 0.44814814814814813 0.3555555555555555 0.42962962962962964 0.3555555555555555
0 0.41666666666666663 0.30902777777777773 0.43148148148148147 0.30902777777777773 0.43148148148148147 0.32569444444444445 0.41666666666666663 0.32569444444444445
0 0.525 0.33055555555555555 0.5555555555555555 0.33055555555555555 0.5555555555555555 0.34861111111111115 0.525 0.34861111111111115
0 0.5231481481481481 0.35416666666666663 0.548148148148148 0.35416666666666663 0.548148148148148 0.37083333333333335 0.5231481481481481 0.37083333333333335
0 0.5657407407407407 0.32916666666666666 0.5842592592592593 0.32916666666666666 0.5842592592592593 0.3465277777777778 0.5657407407407407 0.3465277777777778
0 0.3990740740740741 0.3770833333333334 0.41944444444444445 0.3770833333333334 0.41944444444444445 0.38958333333333334 0.3990740740740741 0.38958333333333334
0 0.5722222222222222 0.44722222222222224 0.5935185185185186 0.44722222222222224 0.5935185185185186 0.4611111111111111 0.5722222222222222 0.4611111111111111
2 0.39261296296296294 0.17386736111111112 0.35464999999999997 0.21900625 0.5574296296296296 0.36761736111111115 0.6018740740740741 0.34261736111111113 0.39261296296296294 0.17386736111111112
3 0.45372500000000004 0.2342840277777778 0.45002129629629634 0.2884506944444445 0.5055768518518519 0.28011736111111113 0.4990953703703704 0.23497847222222223 0.45372500000000004 0.2342840277777778
2 0.5815037037037037 0.21067291666666668 0.3259462962962963 0.36206180555555556 0.35279814814814814 0.39747847222222227 0.6398370370370371 0.2655340277777778 0.5815037037037037 0.21067291666666668
2 0.4231694444444445 0.27525625000000004 0.3629833333333333 0.31275625 0.5852074074074074 0.47108958333333334 0.6324296296296297 0.43775625 0.4231694444444445 0.27525625000000004
7 0.6632944444444444 0.43845069444444446 0.5521824074074074 0.4947006944444445 0.5734787037037037 0.5273395833333333 0.6873685185185184 0.47456180555555555 0.6632944444444444 0.43845069444444446