0 0.3509259259259259 0.19583333333333333 0.37592592592592594 0.19583333333333333 0.37592592592592594 0.21319444444444444 0.3509259259259259 0.21319444444444444
0 0.42685185185185187 0.23819444444444446 0.44722222222222224 0.23819444444444446 0.44722222222222224 0.25416666666666665 0.42685185185185187 0.25416666666666665
0 0.46388888888888885 0.22291666666666668 0.48333333333333334 0.22291666666666668 0.48333333333333334 0.23819444444444446 0.46388888888888885 0.23819444444444446
0 0.5064814814814814 0.26180555555555557 0.524074074074074 0.26180555555555557 0.524074074074074 0.2743055555555555 0.5064814814814814 0.2743055555555555
0 0.5509259259259259 0.30694444444444446 0.5685185185185185 0.30694444444444446 0.5685185185185185 0.32013888888888886 0.5509259259259259 0.32013888888888886
0 0.562037037037037 0.34236111111111106 0.5824074074074074 0.34236111111111106 0.5824074074074074 0.36041666666666666 0.562037037037037 0.36041666666666666
0 0.5120370370370371 0.32569444444444445 0.5314814814814814 0.32569444444444445 0.5314814814814814 0.3395833333333333 0.5120370370370371 0.3395833333333333
0 0.41018518518518515 0.31875000000000003 0.42685185185185187 0.31875000000000003 0.42685185185185187 0.33125 0.41018518518518515 0.33125
2 0.3425842592592592 0.22037569444444444 0.5800861111111112 0.34711180555555554 0.5759194444444445 0.30752847222222224 0.3476768518518518 0.1818340277777778 0.3425842592592592 0.22037569444444444
2 0.3967509259259259 0.2547506944444444 0.5888824074074075 0.34884791666666665 0.5550861111111112 0.37870902777777776 0.3786953703703704 0.28704236111111114 0.3967509259259259 0.2547506944444444
2 0.5837898148148148 0.19711180555555557 0.42684444444444447 0.34537569444444444 0.40369537037037034 0.32662569444444445 0.556937962962963 0.18287569444444446 0.5837898148148148 0.19711180555555557
2 0.5180481481481481 0.19988958333333334 0.5333259259259259 0.20891736111111112 0.4152703703703704 0.31829236111111114 0.40369537037037034 0.30613958333333335 0.5180481481481481 0.19988958333333334