6 0.6011824074074075 0.24015694444444446 0.5203175925925926 0.30821180555555555 0.5159972222222222 0.3350638888888889 0.6221703703703704 0.2758041666666667 0.6011824074074075 0.24015694444444446
6 0.5141444444444444 0.17117430555555557 0.619700925925926 0.21747083333333334 0.6153805555555556 0.24247083333333336 0.4980953703703704 0.19015555555555558 0.5141444444444444 0.17117430555555557
0 0.5314814814814816 0.029166666666666664 0.5685185185185185 0.029166666666666664 0.5685185185185185 0.05416666666666667 0.5314814814814816 0.05416666666666667
0 0.6175925925925926 0.02291666666666667 0.6564814814814816 0.02291666666666667 0.6564814814814816 0.050694444444444445 0.6175925925925926 0.050694444444444445
0 0.6981481481481482 0.07777777777777778 0.7296296296296296 0.07777777777777778 0.7296296296296296 0.11041666666666666 0.6981481481481482 0.11041666666666666
0 0.5972222222222222 0.10486111111111111 0.6240740740740741 0.10486111111111111 0.6240740740740741 0.12777777777777777 0.5972222222222222 0.12777777777777777
0 0.4787037037037037 0.1875 0.5120370370370371 0.1875 0.5120370370370371 0.21041666666666664 0.4787037037037037 0.21041666666666664
0 0.5777777777777777 0.03472222222222222 0.6018518518518519 0.03472222222222222 0.6018518518518519 0.05694444444444444 0.5777777777777777 0.05694444444444444
0 0.6685185185185185 0.029861111111111113 0.7 0.029861111111111113 0.7 0.05486111111111111 0.6685185185185185 0.05486111111111111
3 0.5579722222222222 0.030433333333333333 0.5551944444444444 0.08182222222222223 0.6079722222222222 0.08807222222222222 0.6070462962962964 0.037377777777777774 0.5579722222222222 0.030433333333333333
2 0.6783435185185185 0.017933333333333336 0.4801944444444445 0.1998777777777778 0.5376018518518518 0.2450166666666667 0.7264916666666666 0.05126666666666667 0.6783435185185185 0.017933333333333336