7 0.7969 0.18392916666666667 0.7061592592592593 0.2141375 0.6681962962962963 0.26066527777777776 0.7080111111111111 0.2637902777777778 0.8126416666666667 0.20580416666666668 0.7969 0.18392916666666667
0 0.8666666666666667 0.13958333333333334 0.8925925925925926 0.13958333333333334 0.8925925925925926 0.15763888888888888 0.8666666666666667 0.15763888888888888
0 0.8166666666666667 0.15138888888888888 0.8388888888888888 0.15138888888888888 0.8388888888888888 0.1673611111111111 0.8166666666666667 0.1673611111111111
0 0.7620370370370371 0.09375 0.7759259259259259 0.09375 0.7759259259259259 0.11041666666666666 0.7620370370370371 0.11041666666666666
0 0.7842592592592593 0.15069444444444444 0.7981481481481482 0.15069444444444444 0.7981481481481482 0.16458333333333333 0.7842592592592593 0.16458333333333333
0 0.7138888888888888 0.10347222222222223 0.7296296296296296 0.10347222222222223 0.7296296296296296 0.11944444444444445 0.7138888888888888 0.11944444444444445
0 0.7472222222222222 0.05625 0.7722222222222221 0.05625 0.7722222222222221 0.07569444444444445 0.7472222222222222 0.07569444444444445
0 0.6833333333333333 0.02777777777777778 0.7027777777777777 0.02777777777777778 0.7027777777777777 0.04930555555555556 0.6833333333333333 0.04930555555555556
0 0.736111111111111 0.014583333333333332 0.7574074074074074 0.014583333333333332 0.7574074074074074 0.03680555555555556 0.736111111111111 0.03680555555555556
2 0.8976731481481481 0.10730902777777779 0.6365601851851852 0.16078125000000001 0.6347083333333333 0.21217013888888886 0.8976731481481481 0.16355902777777778 0.8976731481481481 0.10730902777777779
0 0.6888888888888889 0.17430555555555555 0.7055555555555555 0.17430555555555555 0.7055555555555555 0.18888888888888888 0.6888888888888889 0.18888888888888888
0 0.7657407407407407 0.16111111111111112 0.7833333333333333 0.16111111111111112 0.7833333333333333 0.17708333333333334 0.7657407407407407 0.17708333333333334
2 0.6680416666666666 0.02328125 0.7597092592592593 0.005225694444444444 0.8217462962962963 0.2281423611111111 0.7421157407407407 0.24133680555555553 0.6680416666666666 0.02328125