0 0.3425925925925926 0.20555555555555555 0.37592592592592594 0.20555555555555555 0.37592592592592594 0.22986111111111113 0.3425925925925926 0.22986111111111113
0 0.39814814814814814 0.22569444444444445 0.42407407407407405 0.22569444444444445 0.42407407407407405 0.24305555555555555 0.39814814814814814 0.24305555555555555
0 0.4851851851851852 0.2013888888888889 0.513888888888889 0.2013888888888889 0.513888888888889 0.2222222222222222 0.4851851851851852 0.2222222222222222
0 0.44722222222222224 0.1736111111111111 0.4675925925925926 0.1736111111111111 0.4675925925925926 0.19305555555555554 0.44722222222222224 0.19305555555555554
0 0.4185185185185185 0.16319444444444445 0.44351851851851853 0.16319444444444445 0.44351851851851853 0.18333333333333332 0.4185185185185185 0.18333333333333332
0 0.3972222222222222 0.17916666666666667 0.4148148148148148 0.17916666666666667 0.4148148148148148 0.19791666666666666 0.3972222222222222 0.19791666666666666
0 0.512962962962963 0.2875 0.5342592592592593 0.2875 0.5342592592592593 0.3041666666666667 0.512962962962963 0.3041666666666667
0 0.5564814814814815 0.29236111111111107 0.5824074074074074 0.29236111111111107 0.5824074074074074 0.30972222222222223 0.5564814814814815 0.30972222222222223
0 0.4944444444444444 0.325 0.5166666666666666 0.325 0.5166666666666666 0.34027777777777773 0.4944444444444444 0.34027777777777773
6 0.4036277777777778 0.36044375 0.5270851851851851 0.335675 0.536036111111111 0.3530361111111111 0.4641222222222222 0.38382361111111113 0.3949861111111111 0.3840548611111111 0.4036277777777778 0.36044375
3 0.4371925925925926 0.1713236111111111 0.4399703703703704 0.22062916666666668 0.49182314814814815 0.23243472222222222 0.48256388888888885 0.17549027777777776 0.4371925925925926 0.1713236111111111
2 0.4205259259259259 0.15465694444444444 0.5955277777777778 0.3157680555555556 0.5334898148148148 0.3602125 0.33626666666666666 0.19701805555555557 0.4205259259259259 0.15465694444444444