0 0.6925925925925925 0.10694444444444445 0.7083333333333334 0.10694444444444445 0.7083333333333334 0.12569444444444444 0.6925925925925925 0.12569444444444444
0 0.7731481481481481 0.08888888888888888 0.798148148148148 0.08888888888888888 0.798148148148148 0.10833333333333334 0.7731481481481481 0.10833333333333334
0 0.8 0.08125 0.8148148148148149 0.08125 0.8148148148148149 0.09999999999999999 0.8 0.09999999999999999
0 0.8861111111111111 0.11180555555555555 0.9064814814814814 0.11180555555555555 0.9064814814814814 0.13125 0.8861111111111111 0.13125
0 0.7962962962962963 0.18055555555555555 0.8138888888888889 0.18055555555555555 0.8138888888888889 0.19722222222222222 0.7962962962962963 0.19722222222222222
0 0.7666666666666666 0.24444444444444444 0.787962962962963 0.24444444444444444 0.787962962962963 0.26041666666666663 0.7666666666666666 0.26041666666666663
0 0.7546296296296295 0.20902777777777778 0.7703703703703704 0.20902777777777778 0.7703703703703704 0.22708333333333333 0.7546296296296295 0.22708333333333333
0 0.712037037037037 0.12361111111111112 0.7296296296296296 0.12361111111111112 0.7296296296296296 0.14305555555555555 0.712037037037037 0.14305555555555555
0 0.8166666666666667 0.11736111111111111 0.8333333333333333 0.11736111111111111 0.8333333333333333 0.13194444444444445 0.8166666666666667 0.13194444444444445
2 0.69985 0.10193541666666667 0.9245435185185185 0.10934305555555555 0.9072592592592593 0.16860208333333335 0.6751583333333334 0.15471319444444445 0.69985 0.10193541666666667
0 0.8787037037037037 0.13402777777777777 0.9027777777777778 0.13402777777777777 0.9027777777777778 0.14930555555555555 0.8787037037037037 0.14930555555555555
2 0.7973814814814815 0.06767638888888888 0.7838018518518518 0.2695284722222222 0.7282453703703704 0.26212083333333336 0.736887037037037 0.05563958333333333 0.7973814814814815 0.06767638888888888
8 0.7020222222222222 0.17054375 0.7131777777777778 0.19899027777777778 0.030442592592592594 0.5587631944444444 0.02151759259259259 0.49350208333333334 0.7020222222222222 0.17054375
8 0.6551675925925926 0.2960451388888889 0.7020222222222222 0.24751805555555556 0.7154092592592594 0.2609048611111111 0.22678425925925924 0.8967819444444445 0.1843925925925926 0.8767013888888889 0.6551675925925926 0.2960451388888889