4 0.41186944444444445 0.2774534722222222 0.6933527777777778 0.20106458333333335 0.6674268518518519 0.32884236111111115 0.26649814814814815 0.40314791666666666 0.2581648148148148 0.3038423611111111 0.41186944444444445 0.2774534722222222
0 0.5111111111111111 0.26805555555555555 0.5314814814814814 0.26805555555555555 0.5314814814814814 0.2868055555555556 0.5111111111111111 0.2868055555555556
0 0.5851851851851853 0.24097222222222223 0.6074074074074074 0.24097222222222223 0.6074074074074074 0.2625 0.5851851851851853 0.2625
0 0.663888888888889 0.21319444444444446 0.6888888888888889 0.21319444444444446 0.6888888888888889 0.23333333333333334 0.663888888888889 0.23333333333333334
0 0.5481481481481482 0.3611111111111111 0.5657407407407408 0.3611111111111111 0.5657407407407408 0.3791666666666667 0.5481481481481482 0.3791666666666667
0 0.5194444444444445 0.3284722222222222 0.5342592592592593 0.3284722222222222 0.5342592592592593 0.34861111111111115 0.5194444444444445 0.34861111111111115
0 0.4935185185185185 0.3784722222222222 0.5120370370370371 0.3784722222222222 0.5120370370370371 0.3965277777777778 0.4935185185185185 0.3965277777777778
0 0.46574074074074073 0.35208333333333336 0.4851851851851852 0.35208333333333336 0.4851851851851852 0.3638888888888889 0.46574074074074073 0.3638888888888889
0 0.41944444444444445 0.3652777777777778 0.4333333333333333 0.3652777777777778 0.4333333333333333 0.37777777777777777 0.41944444444444445 0.37777777777777777
0 0.4462962962962963 0.39375000000000004 0.4666666666666667 0.39375000000000004 0.4666666666666667 0.4083333333333333 0.4462962962962963 0.4083333333333333
0 0.3490740740740741 0.3854166666666667 0.36944444444444446 0.3854166666666667 0.36944444444444446 0.3972222222222222 0.3490740740740741 0.3972222222222222
0 0.3074074074074074 0.3979166666666667 0.33240740740740743 0.3979166666666667 0.33240740740740743 0.41388888888888886 0.3074074074074074 0.41388888888888886
0 0.34074074074074073 0.42638888888888893 0.362037037037037 0.42638888888888893 0.362037037037037 0.44027777777777777 0.34074074074074073 0.44027777777777777
2 0.29612777777777777 0.39898125 0.5452037037037037 0.31981458333333335 0.5877962962962964 0.3781479166666667 0.34057314814814815 0.4566201388888889 0.29612777777777777 0.39898125