0 0.30648148148148147 0.12777777777777777 0.32685185185185184 0.12777777777777777 0.32685185185185184 0.14444444444444443 0.30648148148148147 0.14444444444444443
0 0.4083333333333333 0.05694444444444445 0.42500000000000004 0.05694444444444445 0.42500000000000004 0.07291666666666667 0.4083333333333333 0.07291666666666667
0 0.4388888888888889 0.05347222222222222 0.475 0.05347222222222222 0.475 0.07361111111111111 0.4388888888888889 0.07361111111111111
0 0.5268518518518519 0.14375000000000002 0.5472222222222223 0.14375000000000002 0.5472222222222223 0.17708333333333334 0.5268518518518519 0.17708333333333334
0 0.44907407407407407 0.1798611111111111 0.4898148148148148 0.1798611111111111 0.4898148148148148 0.19652777777777777 0.44907407407407407 0.19652777777777777
0 0.2972222222222222 0.16736111111111113 0.32314814814814813 0.16736111111111113 0.32314814814814813 0.20069444444444445 0.2972222222222222 0.20069444444444445
0 0.38611111111111107 0.009027777777777779 0.4361111111111111 0.009027777777777779 0.4361111111111111 0.02361111111111111 0.38611111111111107 0.02361111111111111
2 0.30683888888888894 0.12369652777777777 0.5537546296296296 0.10147430555555555 0.5556064814814814 0.18434513888888887 0.42011111111111116 0.19267847222222223 0.2858509259259259 0.20193750000000002 0.28955462962962963 0.12508541666666667 0.30683888888888894 0.12369652777777777
2 0.34017222222222226 0.033881944444444444 0.4389388888888889 0.22091875 0.49140833333333334 0.2010111111111111 0.3864694444444444 0.012122916666666667 0.34017222222222226 0.033881944444444444
6 0.3691851851851852 0.25980833333333336 0.492025925925926 0.23943750000000003 0.5028287037037037 0.2841138888888889 0.37751851851851853 0.30378958333333334 0.3691851851851852 0.25980833333333336
6 0.3725805555555556 0.2206875 0.43523518518518517 0.21559513888888887 0.4383212962962963 0.2581875 0.3744324074074074 0.25980833333333336 0.3725805555555556 0.2206875