0 0.4861111111111111 0.9326388888888889 0.48518518518518516 0.9333333333333333 0.48518518518518516 0.9361111111111111 0.48703703703703705 0.9361111111111111 0.487962962962963 0.9354166666666667 0.487962962962963 0.9347222222222222 0.48703703703703705 0.9340277777777778 0.48703703703703705 0.9333333333333333
0 0.4722222222222222 0.8444444444444444 0.4703703703703704 0.8458333333333333 0.46944444444444444 0.8458333333333333 0.4685185185185185 0.8451388888888889 0.46574074074074073 0.8451388888888889 0.4648148148148148 0.8458333333333333 0.4648148148148148 0.8472222222222222 0.46296296296296297 0.8486111111111111 0.46296296296296297 0.8493055555555555 0.4638888888888889 0.8486111111111111 0.4648148148148148 0.8486111111111111 0.46574074074074073 0.8479166666666667 0.4666666666666667 0.8479166666666667 0.4685185185185185 0.8493055555555555 0.46944444444444444 0.8493055555555555 0.4703703703703704 0.85 0.47129629629629627 0.8493055555555555 0.47314814814814815 0.8493055555555555 0.4740740740740741 0.8486111111111111 0.475 0.8493055555555555 0.47685185185185186 0.8493055555555555 0.4777777777777778 0.85 0.4787037037037037 0.8493055555555555 0.4787037037037037 0.8486111111111111 0.47685185185185186 0.8472222222222222 0.47685185185185186 0.8465277777777778 0.4759259259259259 0.8458333333333333 0.4759259259259259 0.8451388888888889 0.475 0.8444444444444444
0 0.4740740740740741 0.7819444444444444 0.47314814814814815 0.7826388888888889 0.47314814814814815 0.7895833333333333 0.4722222222222222 0.7902777777777777 0.4722222222222222 0.7923611111111111 0.47129629629629627 0.7930555555555555 0.47129629629629627 0.79375 0.4722222222222222 0.7944444444444444 0.4759259259259259 0.7944444444444444 0.4759259259259259 0.7930555555555555 0.475 0.7923611111111111 0.475 0.7854166666666667 0.4759259259259259 0.7847222222222222 0.4759259259259259 0.7826388888888889 0.475 0.7819444444444444
0 0.4703703703703704 0.7576388888888889 0.4703703703703704 0.7583333333333333 0.46944444444444444 0.7590277777777777 0.46944444444444444 0.7645833333333333 0.4703703703703704 0.7652777777777777 0.4740740740740741 0.7652777777777777 0.4740740740740741 0.7645833333333333 0.475 0.7638888888888888 0.475 0.7590277777777777 0.4740740740740741 0.7583333333333333 0.4740740740740741 0.7576388888888889
0 0.4703703703703704 0.7291666666666666 0.4703703703703704 0.7326388888888888 0.4722222222222222 0.7326388888888888 0.47314814814814815 0.7319444444444444 0.4722222222222222 0.73125 0.4722222222222222 0.7305555555555555 0.47129629629629627 0.7298611111111111 0.47129629629629627 0.7291666666666666
0 0.4935185185185185 0.7118055555555556 0.4935185185185185 0.7131944444444445 0.49444444444444446 0.7131944444444445 0.49537037037037035 0.7125 0.49537037037037035 0.7118055555555556
0 0.5027777777777778 0.6770833333333334 0.5018518518518519 0.6777777777777778 0.5009259259259259 0.6777777777777778 0.5009259259259259 0.6784722222222223 0.5 0.6791666666666667 0.5 0.6840277777777778 0.5009259259259259 0.6847222222222222 0.5009259259259259 0.6868055555555556 0.5027777777777778 0.6881944444444444 0.5055555555555555 0.6881944444444444 0.5055555555555555 0.6875 0.5064814814814815 0.6868055555555556 0.5064814814814815 0.6861111111111111 0.5074074074074074 0.6854166666666667 0.5074074074074074 0.6847222222222222 0.5083333333333333 0.6840277777777778 0.5083333333333333 0.6833333333333333 0.5092592592592593 0.6826388888888889 0.5092592592592593 0.6798611111111111 0.5055555555555555 0.6770833333333334
0 0.37222222222222223 0.1798611111111111 0.37037037037037035 0.18125 0.37037037037037035 0.18194444444444444 0.36944444444444446 0.18263888888888888 0.36944444444444446 0.18680555555555556 0.3685185185185185 0.1875 0.3685185185185185 0.2013888888888889 0.36944444444444446 0.20208333333333334 0.36944444444444446 0.2111111111111111 0.3685185185185185 0.21180555555555555 0.3685185185185185 0.21597222222222223 0.36944444444444446 0.21666666666666667 0.36944444444444446 0.225 0.3685185185185185 0.22569444444444445 0.3685185185185185 0.23472222222222222 0.3675925925925926 0.23541666666666666 0.3675925925925926 0.24166666666666667 0.36666666666666664 0.2423611111111111 0.36666666666666664 0.24444444444444444 0.3648148148148148 0.24583333333333332 0.3611111111111111 0.24583333333333332 0.36018518518518516 0.24513888888888888 0.3333333333333333 0.24513888888888888 0.33240740740740743 0.24444444444444444 0.3277777777777778 0.24444444444444444 0.32685185185185184 0.24375 0.31666666666666665 0.24375 0.31574074074074077 0.24305555555555555 0.30185185185185187 0.24305555555555555 0.30092592592592593 0.2423611111111111 0.28888888888888886 0.2423611111111111 0.287962962962963 0.24305555555555555 0.2861111111111111 0.24305555555555555 0.2833333333333333 0.24513888888888888 0.2833333333333333 0.24930555555555556 0.2861111111111111 0.2513888888888889 0.28888888888888886 0.2513888888888889 0.2898148148148148 0.2520833333333333 0.2953703703703704 0.2520833333333333 0.2962962962962963 0.25277777777777777 0.30833333333333335 0.25277777777777777 0.30925925925925923 0.2534722222222222 0.32685185185185184 0.2534722222222222 0.3277777777777778 0.25416666666666665 0.3398148148148148 0.25416666666666665 0.34074074074074073 0.2548611111111111 0.35 0.2548611111111111 0.3509259259259259 0.25555555555555554 0.35648148148148145 0.25555555555555554 0.3574074074074074 0.25625 0.3648148148148148 0.25625 0.3685185185185185 0.2590277777777778 0.3685185185185185 0.2604166666666667 0.36944444444444446 0.2611111111111111 0.36944444444444446 0.28125 0.37037037037037035 0.28194444444444444 0.37037037037037035 0.2861111111111111 0.36944444444444446 0.28680555555555554 0.36944444444444446 0.29097222222222224 0.3685185185185185 0.2916666666666667 0.3685185185185185 0.29583333333333334 0.3675925925925926 0.2965277777777778 0.3675925925925926 0.3020833333333333 0.36666666666666664 0.30277777777777776 0.36666666666666664 0.30694444444444446 0.36574074074074076 0.3076388888888889 0.36574074074074076 0.3138888888888889 0.3648148148148148 0.3145833333333333 0.3648148148148148 0.31805555555555554 0.3638888888888889 0.31875 0.3638888888888889 0.32222222222222224 0.362962962962963 0.3229166666666667 0.362962962962963 0.32708333333333334 0.36203703703703705 0.3277777777777778 0.36203703703703705 0.3326388888888889 0.3611111111111111 0.3333333333333333 0.3611111111111111 0.33611111111111114 0.36018518518518516 0.3368055555555556 0.36018518518518516 0.3416666666666667 0.3592592592592593 0.3423611111111111 0.3592592592592593 0.34375 0.35833333333333334 0.34444444444444444 0.35833333333333334 0.34791666666666665 0.3574074074074074 0.3486111111111111 0.3574074074074074 0.35694444444444445 0.35648148148148145 0.3576388888888889 0.35648148148148145 0.3638888888888889 0.35555555555555557 0.3645833333333333 0.35555555555555557 0.36944444444444446 0.35462962962962963 0.3701388888888889 0.35462962962962963 0.37083333333333335 0.3509259259259259 0.3736111111111111 0.3509259259259259 0.375 0.35 0.37569444444444444 0.35 0.3763888888888889 0.35185185185185186 0.37777777777777777 0.35185185185185186 0.37916666666666665 0.3527777777777778 0.3798611111111111 0.3527777777777778 0.38125 0.35185185185185186 0.3819444444444444 0.35185185185185186 0.3854166666666667 0.3509259259259259 0.3861111111111111 0.3509259259259259 0.39166666666666666 0.35 0.3923611111111111 0.35 0.3972222222222222 0.3490740740740741 0.39791666666666664 0.3490740740740741 0.4013888888888889 0.34814814814814815 0.40208333333333335 0.34814814814814815 0.4048611111111111 0.3472222222222222 0.40555555555555556 0.3472222222222222 0.40902777777777777 0.34629629629629627 0.4097222222222222 0.34629629629629627 0.4131944444444444 0.3453703703703704 0.41388888888888886 0.3453703703703704 0.4166666666666667 0.34444444444444444 0.4173611111111111 0.34444444444444444 0.41944444444444445 0.3435185185185185 0.4201388888888889 0.3435185185185185 0.4215277777777778 0.3425925925925926 0.4222222222222222 0.3425925925925926 0.42777777777777776 0.3416666666666667 0.4284722222222222 0.3416666666666667 0.43472222222222223 0.34074074074074073 0.4354166666666667 0.34074074074074073 0.43680555555555556 0.3416666666666667 0.4375 0.3416666666666667 0.4388888888888889 0.34074074074074073 0.4395833333333333 0.34074074074074073 0.44305555555555554 0.3398148148148148 0.44375 0.3398148148148148 0.4465277777777778 0.3388888888888889 0.44722222222222224 0.3388888888888889 0.4513888888888889 0.33796296296296297 0.45208333333333334 0.33796296296296297 0.45555555555555555 0.337037037037037 0.45625 0.337037037037037 0.45902777777777776 0.33611111111111114 0.4597222222222222 0.33611111111111114 0.4625 0.3351851851851852 0.46319444444444446 0.3351851851851852 0.46944444444444444 0.33425925925925926 0.4701388888888889 0.33425925925925926 0.47430555555555554 0.3333333333333333 0.475 0.3333333333333333 0.4791666666666667 0.33240740740740743 0.4798611111111111 0.33240740740740743 0.4826388888888889 0.3314814814814815 0.48333333333333334 0.3314814814814815 0.48680555555555555 0.33055555555555555 0.4875 0.33055555555555555 0.49166666666666664 0.3296296296296296 0.49236111111111114 0.3296296296296296 0.49583333333333335 0.3287037037037037 0.4965277777777778 0.3287037037037037 0.5 0.3277777777777778 0.5006944444444444 0.3277777777777778 0.5055555555555555 0.32685185185185184 0.50625 0.32685185185185184 0.5097222222222222 0.32592592592592595 0.5104166666666666 0.32592592592592595 0.5131944444444444 0.325 0.5138888888888888 0.325 0.5173611111111112 0.32407407407407407 0.5180555555555556 0.32407407407407407 0.5215277777777778 0.32314814814814813 0.5222222222222223 0.32314814814814813 0.525 0.32222222222222224 0.5256944444444445 0.32222222222222224 0.5291666666666667 0.3212962962962963 0.5298611111111111 0.3212962962962963 0.53125 0.32037037037037036 0.5319444444444444 0.32037037037037036 0.5361111111111111 0.3194444444444444 0.5368055555555555 0.3194444444444444 0.5416666666666666 0.31851851851851853 0.5423611111111111 0.31851851851851853 0.5486111111111112 0.3175925925925926 0.5493055555555556 0.3175925925925926 0.5520833333333334 0.31666666666666665 0.5527777777777778 0.31666666666666665 0.55625 0.31574074074074077 0.5569444444444445 0.31574074074074077 0.5590277777777778 0.3148148148148148 0.5597222222222222 0.3148148148148148 0.5625 0.3138888888888889 0.5631944444444444 0.3138888888888889 0.5673611111111111 0.31296296296296294 0.5680555555555555 0.31296296296296294 0.5715277777777777 0.31203703703703706 0.5722222222222222 0.31203703703703706 0.5763888888888888 0.3111111111111111 0.5770833333333333 0.3111111111111111 0.58125 0.3101851851851852 0.5819444444444445 0.3101851851851852 0.5854166666666667 0.30925925925925923 0.5861111111111111 0.30925925925925923 0.5895833333333333 0.30833333333333335 0.5902777777777778 0.30833333333333335 0.59375 0.3074074074074074 0.5944444444444444 0.3074074074074074 0.5986111111111111 0.30648148148148147 0.5993055555555555 0.30648148148148147 0.6013888888888889 0.3055555555555556 0.6020833333333333 0.3055555555555556 0.6048611111111111 0.30462962962962964 0.6055555555555555 0.30462962962962964 0.6097222222222223 0.3037037037037037 0.6104166666666667 0.3037037037037037 0.6138888888888889 0.30277777777777776 0.6145833333333334 0.30277777777777776 0.61875 0.30185185185185187 0.6194444444444445 0.30185185185185187 0.6222222222222222 0.30092592592592593 0.6229166666666667 0.30092592592592593 0.6270833333333333 0.3 0.6277777777777778 0.3 0.6305555555555555 0.29907407407407405 0.63125 0.29907407407407405 0.6354166666666666 0.29814814814814816 0.6361111111111111 0.29814814814814816 0.6402777777777777 0.2972222222222222 0.6409722222222223 0.2972222222222222 0.6458333333333334 0.2962962962962963 0.6465277777777778 0.2962962962962963 0.6506944444444445 0.2953703703703704 0.6513888888888889 0.2953703703703704 0.6569444444444444 0.29444444444444445 0.6576388888888889 0.29444444444444445 0.6611111111111111 0.2935185185185185 0.6618055555555555 0.2935185185185185 0.6638888888888889 0.29259259259259257 0.6645833333333333 0.29259259259259257 0.6680555555555555 0.2916666666666667 0.66875 0.2916666666666667 0.6715277777777777 0.29074074074074074 0.6722222222222223 0.29074074074074074 0.6756944444444445 0.2898148148148148 0.6763888888888889 0.2898148148148148 0.6791666666666667 0.28888888888888886 0.6798611111111111 0.28888888888888886 0.6826388888888889 0.287962962962963 0.6833333333333333 0.287962962962963 0.6861111111111111 0.28703703703703703 0.6868055555555556 0.28703703703703703 0.6916666666666667 0.2861111111111111 0.6923611111111111 0.2861111111111111 0.6951388888888889 0.2851851851851852 0.6958333333333333 0.2851851851851852 0.6986111111111111 0.28425925925925927 0.6993055555555555 0.28425925925925927 0.7020833333333333 0.2833333333333333 0.7027777777777777 0.2833333333333333 0.70625 0.2824074074074074 0.7069444444444445 0.2824074074074074 0.7111111111111111 0.2814814814814815 0.7118055555555556 0.2814814814814815 0.7159722222222222 0.28055555555555556 0.7166666666666667 0.28055555555555556 0.7194444444444444 0.2796296296296296 0.7201388888888889 0.2796296296296296 0.7256944444444444 0.27870370370370373 0.7263888888888889 0.27870370370370373 0.7291666666666666 0.2777777777777778 0.7298611111111111 0.2777777777777778 0.7375 0.27685185185185185 0.7381944444444445 0.27685185185185185 0.7409722222222223 0.2759259259259259 0.7416666666666667 0.2759259259259259 0.7444444444444445 0.275 0.7451388888888889 0.275 0.7479166666666667 0.2740740740740741 0.7486111111111111 0.2740740740740741 0.7506944444444444 0.27314814814814814 0.7513888888888889 0.27314814814814814 0.7541666666666667 0.2722222222222222 0.7548611111111111 0.2722222222222222 0.7638888888888888 0.2712962962962963 0.7645833333333333 0.2712962962962963 0.7666666666666667 0.27037037037037037 0.7673611111111112 0.27037037037037037 0.7708333333333334 0.26944444444444443 0.7715277777777778 0.26944444444444443 0.7736111111111111 0.26851851851851855 0.7743055555555556 0.26851851851851855 0.7770833333333333 0.2675925925925926 0.7777777777777778 0.2675925925925926 0.78125 0.26666666666666666 0.7819444444444444 0.26666666666666666 0.7868055555555555 0.2657407407407407 0.7875 0.2657407407407407 0.7902777777777777 0.26481481481481484 0.7909722222222222 0.26481481481481484 0.7951388888888888 0.2638888888888889 0.7958333333333333 0.2638888888888889 0.8006944444444445 0.26296296296296295 0.8013888888888889 0.26296296296296295 0.8041666666666667 0.262037037037037 0.8048611111111111 0.262037037037037 0.8083333333333333 0.2611111111111111 0.8090277777777778 0.2611111111111111 0.8125 0.2601851851851852 0.8131944444444444 0.2601851851851852 0.8173611111111111 0.25925925925925924 0.8180555555555555 0.25925925925925924 0.8208333333333333 0.25833333333333336 0.8215277777777777 0.25833333333333336 0.8256944444444444 0.2574074074074074 0.8263888888888888 0.2574074074074074 0.8305555555555556 0.2564814814814815 0.83125 0.2564814814814815 0.8361111111111111 0.25555555555555554 0.8368055555555556 0.25555555555555554 0.8402777777777778 0.25462962962962965 0.8409722222222222 0.25462962962962965 0.84375 0.2537037037037037 0.8444444444444444 0.2537037037037037 0.8472222222222222 0.25277777777777777 0.8479166666666667 0.25277777777777777 0.8506944444444444 0.2518518518518518 0.8513888888888889 0.2518518518518518 0.8555555555555555 0.25092592592592594 0.85625 0.25092592592592594 0.8597222222222223 0.25 0.8604166666666667 0.25 0.8645833333333334 0.2490740740740741 0.8652777777777778 0.2490740740740741 0.8694444444444445 0.24814814814814815 0.8701388888888889 0.24814814814814815 0.875 0.24722222222222223 0.8756944444444444 0.24722222222222223 0.8791666666666667 0.2462962962962963 0.8798611111111111 0.2462962962962963 0.8826388888888889 0.24537037037037038 0.8833333333333333 0.24537037037037038 0.8854166666666666 0.24444444444444444 0.8861111111111111 0.24444444444444444 0.8902777777777777 0.24351851851851852 0.8909722222222223 0.24351851851851852 0.8951388888888889 0.24259259259259258 0.8958333333333334 0.24259259259259258 0.8993055555555556 0.24166666666666667 0.9 0.24166666666666667 0.9041666666666667 0.24074074074074073 0.9048611111111111 0.24074074074074073 0.9104166666666667 0.23981481481481481 0.9111111111111111 0.23981481481481481 0.9152777777777777 0.2388888888888889 0.9159722222222222 0.2388888888888889 0.91875 0.23796296296296296 0.9194444444444444 0.23796296296296296 0.9229166666666667 0.23703703703703705 0.9236111111111112 0.23703703703703705 0.9270833333333334 0.2361111111111111 0.9277777777777778 0.2361111111111111 0.9305555555555556 0.2351851851851852 0.93125 0.2351851851851852 0.9354166666666667 0.23425925925925925 0.9361111111111111 0.23425925925925925 0.9381944444444444 0.23333333333333334 0.9388888888888889 0.23333333333333334 0.94375 0.2324074074074074 0.9444444444444444 0.2324074074074074 0.9472222222222222 0.23148148148148148 0.9479166666666666 0.23148148148148148 0.9520833333333333 0.23055555555555557 0.9527777777777777 0.23055555555555557 0.9576388888888889 0.22962962962962963 0.9583333333333334 0.22962962962962963 0.9604166666666667 0.22870370370370371 0.9611111111111111 0.22870370370370371 0.9638888888888889 0.22777777777777777 0.9645833333333333 0.22777777777777777 0.9680555555555556 0.22685185185185186 0.96875 0.22685185185185186 0.9722222222222222 0.22592592592592592 0.9729166666666667 0.22592592592592592 0.9770833333333333 0.225 0.9777777777777777 0.225 0.9805555555555555 0.22407407407407406 0.98125 0.22407407407407406 0.9833333333333333 0.22314814814814815 0.9840277777777777 0.22314814814814815 0.9868055555555556 0.2222222222222222 0.9875 0.2222222222222222 0.9902777777777778 0.2212962962962963 0.9909722222222223 0.2212962962962963 0.9930555555555556 0.22037037037037038 0.99375 0.22037037037037038 0.9993055555555556 0.3388888888888889 0.9993055555555556 0.3388888888888889 0.9972222222222222 0.3398148148148148 0.9965277777777778 0.3398148148148148 0.9923611111111111 0.34074074074074073 0.9916666666666667 0.34074074074074073 0.9819444444444444 0.3416666666666667 0.98125 0.3416666666666667 0.9701388888888889 0.3425925925925926 0.9694444444444444 0.3425925925925926 0.9555555555555556 0.3435185185185185 0.9548611111111112 0.3435185185185185 0.9375 0.34444444444444444 0.9368055555555556 0.34444444444444444 0.9222222222222223 0.3453703703703704 0.9215277777777777 0.3453703703703704 0.9097222222222222 0.34629629629629627 0.9090277777777778 0.34629629629629627 0.9 0.3472222222222222 0.8993055555555556 0.3472222222222222 0.8902777777777777 0.34814814814814815 0.8895833333333333 0.34814814814814815 0.88125 0.3490740740740741 0.8805555555555555 0.3490740740740741 0.8743055555555556 0.35 0.8736111111111111 0.35 0.8631944444444445 0.3509259259259259 0.8625 0.3509259259259259 0.8520833333333333 0.35185185185185186 0.8513888888888889 0.35185185185185186 0.8416666666666667 0.3527777777777778 0.8409722222222222 0.3527777777777778 0.8319444444444445 0.3537037037037037 0.83125 0.3537037037037037 0.8277777777777777 0.35462962962962963 0.8270833333333333 0.35462962962962963 0.8208333333333333 0.35555555555555557 0.8201388888888889 0.35555555555555557 0.8152777777777778 0.35648148148148145 0.8145833333333333 0.35648148148148145 0.8111111111111111 0.3574074074074074 0.8104166666666667 0.3574074074074074 0.8027777777777778 0.35833333333333334 0.8020833333333334 0.35833333333333334 0.7972222222222223 0.3592592592592593 0.7965277777777777 0.3592592592592593 0.7819444444444444 0.36018518518518516 0.78125 0.36018518518518516 0.7784722222222222 0.3611111111111111 0.7777777777777778 0.3611111111111111 0.775 0.36203703703703705 0.7743055555555556 0.36203703703703705 0.7555555555555555 0.362962962962963 0.7548611111111111 0.362962962962963 0.7472222222222222 0.3638888888888889 0.7465277777777778 0.3638888888888889 0.7368055555555556 0.3648148148148148 0.7361111111111112 0.3648148148148148 0.7298611111111111 0.36574074074074076 0.7291666666666666 0.36574074074074076 0.7201388888888889 0.36666666666666664 0.7194444444444444 0.36666666666666664 0.7111111111111111 0.3675925925925926 0.7104166666666667 0.3675925925925926 0.7034722222222223 0.3685185185185185 0.7027777777777777 0.3685185185185185 0.6993055555555555 0.36944444444444446 0.6986111111111111 0.36944444444444446 0.6944444444444444 0.37037037037037035 0.69375 0.37037037037037035 0.6868055555555556 0.3712962962962963 0.6861111111111111 0.3712962962962963 0.6784722222222223 0.37222222222222223 0.6777777777777778 0.37222222222222223 0.6701388888888888 0.3731481481481482 0.6694444444444444 0.3731481481481482 0.6583333333333333 0.37407407407407406 0.6576388888888889 0.37407407407407406 0.65 0.375 0.6493055555555556 0.375 0.6395833333333333 0.37592592592592594 0.6388888888888888 0.37592592592592594 0.6298611111111111 0.3768518518518518 0.6291666666666667 0.3768518518518518 0.6243055555555556 0.37777777777777777 0.6236111111111111 0.37777777777777777 0.6131944444444445 0.3787037037037037 0.6125 0.3787037037037037 0.6076388888888888 0.37962962962962965 0.6069444444444444 0.37962962962962965 0.6055555555555555 0.3787037037037037 0.6048611111111111 0.3787037037037037 0.6020833333333333 0.37962962962962965 0.6013888888888889 0.37962962962962965 0.59375 0.38055555555555554 0.5930555555555556 0.38055555555555554 0.5798611111111112 0.3814814814814815 0.5791666666666667 0.3814814814814815 0.5715277777777777 0.3824074074074074 0.5708333333333333 0.3824074074074074 0.5625 0.38333333333333336 0.5618055555555556 0.38333333333333336 0.5527777777777778 0.38425925925925924 0.5520833333333334 0.38425925925925924 0.5458333333333333 0.3851851851851852 0.5451388888888888 0.3851851851851852 0.5395833333333333 0.3861111111111111 0.5388888888888889 0.3861111111111111 0.5284722222222222 0.387037037037037 0.5277777777777778 0.387037037037037 0.5180555555555556 0.38796296296296295 0.5173611111111112 0.38796296296296295 0.5083333333333333 0.3888888888888889 0.5076388888888889 0.3888888888888889 0.49444444444444446 0.38981481481481484 0.49375 0.38981481481481484 0.4840277777777778 0.3907407407407407 0.48333333333333334 0.3907407407407407 0.46944444444444444 0.39166666666666666 0.46875 0.39166666666666666 0.4576388888888889 0.3925925925925926 0.45694444444444443 0.3925925925925926 0.45069444444444445 0.39351851851851855 0.45 0.39351851851851855 0.4375 0.39444444444444443 0.43680555555555556 0.39444444444444443 0.4236111111111111 0.39537037037037037 0.42291666666666666 0.39537037037037037 0.41388888888888886 0.3962962962962963 0.4131944444444444 0.3962962962962963 0.40625 0.3972222222222222 0.40555555555555556 0.3972222222222222 0.3958333333333333 0.39814814814814814 0.3951388888888889 0.39814814814814814 0.3854166666666667 0.3990740740740741 0.38472222222222224 0.3990740740740741 0.3819444444444444 0.39814814814814814 0.38125 0.3990740740740741 0.38055555555555554 0.3990740740740741 0.3770833333333333 0.4 0.3763888888888889 0.4 0.375 0.4009259259259259 0.37430555555555556 0.4009259259259259 0.3715277777777778 0.4 0.37083333333333335 0.4 0.36666666666666664 0.4009259259259259 0.3659722222222222 0.4009259259259259 0.35625 0.40185185185185185 0.35555555555555557 0.40185185185185185 0.35 0.4027777777777778 0.34930555555555554 0.4027777777777778 0.3451388888888889 0.40370370370370373 0.34444444444444444 0.40370370370370373 0.3333333333333333 0.4046296296296296 0.3326388888888889 0.4046296296296296 0.3277777777777778 0.40370370370370373 0.32708333333333334 0.40370370370370373 0.32222222222222224 0.4046296296296296 0.3215277777777778 0.4046296296296296 0.3090277777777778 0.40555555555555556 0.30833333333333335 0.40555555555555556 0.29791666666666666 0.4064814814814815 0.2972222222222222 0.4064814814814815 0.2875 0.4074074074074074 0.28680555555555554 0.4074074074074074 0.28194444444444444 0.4083333333333333 0.28125 0.4083333333333333 0.2798611111111111 0.40925925925925927 0.2791666666666667 0.40925925925925927 0.26875 0.4101851851851852 0.26805555555555555 0.4101851851851852 0.2652777777777778 0.4111111111111111 0.26458333333333334 0.4111111111111111 0.2638888888888889 0.41203703703703703 0.26319444444444445 0.41203703703703703 0.2625 0.412962962962963 0.26180555555555557 0.412962962962963 0.2611111111111111 0.4148148148148148 0.25972222222222224 0.4166666666666667 0.25972222222222224 0.41759259259259257 0.2590277777777778 0.43703703703703706 0.2590277777777778 0.43796296296296294 0.25972222222222224 0.44537037037037036 0.25972222222222224 0.4462962962962963 0.2604166666666667 0.44907407407407407 0.2604166666666667 0.45 0.25972222222222224 0.45092592592592595 0.2604166666666667 0.45185185185185184 0.2604166666666667 0.4527777777777778 0.2611111111111111 0.4537037037037037 0.2611111111111111 0.4546296296296296 0.26180555555555557 0.45555555555555555 0.26180555555555557 0.4564814814814815 0.2611111111111111 0.4601851851851852 0.2611111111111111 0.46111111111111114 0.26180555555555557 0.4703703703703704 0.26180555555555557 0.47129629629629627 0.2625 0.4722222222222222 0.2625 0.47314814814814815 0.26319444444444445 0.47314814814814815 0.2638888888888889 0.4740740740740741 0.26458333333333334 0.4740740740740741 0.2652777777777778 0.475 0.2659722222222222 0.475 0.26875 0.4740740740740741 0.26944444444444443 0.4740740740740741 0.2791666666666667 0.4759259259259259 0.2791666666666667 0.47685185185185186 0.27847222222222223 0.4787037037037037 0.27847222222222223 0.48055555555555557 0.27708333333333335 0.48148148148148145 0.27708333333333335 0.4824074074074074 0.2763888888888889 0.4824074074074074 0.27569444444444446 0.4842592592592593 0.2743055555555556 0.4842592592592593 0.27291666666666664 0.48518518518518516 0.2722222222222222 0.48518518518518516 0.2708333333333333 0.4861111111111111 0.2701388888888889 0.4861111111111111 0.26875 0.48703703703703705 0.26805555555555555 0.48703703703703705 0.2673611111111111 0.49074074074074076 0.26458333333333334 0.49166666666666664 0.26458333333333334 0.4935185185185185 0.26319444444444445 0.49444444444444446 0.26319444444444445 0.49537037037037035 0.2625 0.4981481481481482 0.2625 0.49907407407407406 0.26180555555555557 0.5009259259259259 0.26180555555555557 0.5018518518518519 0.2611111111111111 0.5064814814814815 0.2611111111111111 0.5074074074074074 0.2604166666666667 0.5101851851851852 0.2604166666666667 0.5111111111111111 0.25972222222222224 0.5138888888888888 0.25972222222222224 0.5157407407407407 0.2611111111111111 0.5305555555555556 0.2611111111111111 0.5314814814814814 0.26180555555555557 0.5435185185185185 0.26180555555555557 0.5444444444444444 0.2625 0.5537037037037037 0.2625 0.5546296296296296 0.26319444444444445 0.5611111111111111 0.26319444444444445 0.562037037037037 0.2625 0.562037037037037 0.2611111111111111 0.562962962962963 0.2604166666666667 0.562962962962963 0.2590277777777778 0.562037037037037 0.25833333333333336 0.5611111111111111 0.25833333333333336 0.5601851851851852 0.25763888888888886 0.5592592592592592 0.25763888888888886 0.5583333333333333 0.2569444444444444 0.5574074074074075 0.2569444444444444 0.5564814814814815 0.25625 0.5537037037037037 0.25625 0.5527777777777778 0.25555555555555554 0.55 0.25555555555555554 0.549074074074074 0.2548611111111111 0.5453703703703704 0.2548611111111111 0.5444444444444444 0.25416666666666665 0.5398148148148149 0.25416666666666665 0.5388888888888889 0.2534722222222222 0.5351851851851852 0.2534722222222222 0.5342592592592592 0.25277777777777777 0.5324074074074074 0.25277777777777777 0.5314814814814814 0.2520833333333333 0.5277777777777778 0.2520833333333333 0.5268518518518519 0.2513888888888889 0.5231481481481481 0.2513888888888889 0.5222222222222223 0.2520833333333333 0.5194444444444445 0.2520833333333333 0.5185185185185185 0.2513888888888889 0.5166666666666667 0.2513888888888889 0.5157407407407407 0.2520833333333333 0.5148148148148148 0.2520833333333333 0.5138888888888888 0.25277777777777777 0.5120370370370371 0.25277777777777777 0.5111111111111111 0.2520833333333333 0.5064814814814815 0.2520833333333333 0.5055555555555555 0.2513888888888889 0.5 0.2513888888888889 0.49907407407407406 0.25069444444444444 0.4888888888888889 0.25069444444444444 0.487962962962963 0.25 0.47129629629629627 0.25 0.4703703703703704 0.25069444444444444 0.46296296296296297 0.25069444444444444 0.462037037037037 0.25 0.44814814814814813 0.25 0.44722222222222224 0.24930555555555556 0.43425925925925923 0.24930555555555556 0.43333333333333335 0.24861111111111112 0.42592592592592593 0.24861111111111112 0.425 0.24791666666666667 0.4212962962962963 0.24791666666666667 0.4203703703703704 0.24861111111111112 0.41944444444444445 0.24861111111111112 0.4185185185185185 0.24791666666666667 0.41759259259259257 0.24791666666666667 0.4166666666666667 0.24722222222222223 0.4166666666666667 0.24513888888888888 0.41574074074074074 0.24444444444444444 0.41574074074074074 0.24375 0.4166666666666667 0.24305555555555555 0.4166666666666667 0.24166666666666667 0.41759259259259257 0.24097222222222223 0.41759259259259257 0.24027777777777778 0.4185185185185185 0.23958333333333334 0.4185185185185185 0.2388888888888889 0.41944444444444445 0.23819444444444443 0.41944444444444445 0.2375 0.4203703703703704 0.23680555555555555 0.4203703703703704 0.23541666666666666 0.4212962962962963 0.23472222222222222 0.4212962962962963 0.23194444444444445 0.4203703703703704 0.23125 0.4203703703703704 0.2298611111111111 0.41944444444444445 0.22916666666666666 0.41944444444444445 0.22847222222222222 0.41759259259259257 0.22708333333333333 0.4166666666666667 0.22708333333333333 0.412962962962963 0.22430555555555556 0.412962962962963 0.22361111111111112 0.4111111111111111 0.2222222222222222 0.4111111111111111 0.22152777777777777 0.4101851851851852 0.22083333333333333 0.4101851851851852 0.22013888888888888 0.40925925925925927 0.21944444444444444 0.40925925925925927 0.21875 0.4083333333333333 0.21805555555555556 0.4083333333333333 0.21597222222222223 0.4074074074074074 0.2152777777777778 0.4074074074074074 0.2111111111111111 0.4064814814814815 0.21041666666666667 0.4064814814814815 0.20833333333333334 0.40555555555555556 0.2076388888888889 0.4064814814814815 0.20694444444444443 0.4064814814814815 0.2048611111111111 0.4083333333333333 0.20347222222222222 0.40925925925925927 0.20347222222222222 0.4101851851851852 0.20277777777777778 0.41574074074074074 0.20277777777777778 0.4166666666666667 0.20347222222222222 0.42685185185185187 0.20347222222222222 0.42777777777777776 0.20416666666666666 0.4305555555555556 0.20416666666666666 0.43148148148148147 0.2048611111111111 0.43425925925925923 0.2048611111111111 0.4351851851851852 0.20555555555555555 0.4398148148148148 0.20555555555555555 0.44074074074074077 0.20625 0.44351851851851853 0.20625 0.4444444444444444 0.20694444444444443 0.44814814814814813 0.20694444444444443 0.44907407407407407 0.2076388888888889 0.4537037037037037 0.2076388888888889 0.4546296296296296 0.20694444444444443 0.45555555555555555 0.20694444444444443 0.45740740740740743 0.20555555555555555 0.4583333333333333 0.20555555555555555 0.4583333333333333 0.20277777777777778 0.4564814814814815 0.2013888888888889 0.45555555555555555 0.2013888888888889 0.45185185185185184 0.1986111111111111 0.44814814814814813 0.1986111111111111 0.44722222222222224 0.19791666666666666 0.4388888888888889 0.19791666666666666 0.43796296296296294 0.19722222222222222 0.4351851851851852 0.19722222222222222 0.43425925925925923 0.19652777777777777 0.43148148148148147 0.19652777777777777 0.4305555555555556 0.19583333333333333 0.42685185185185187 0.19583333333333333 0.42592592592592593 0.1951388888888889 0.42407407407407405 0.1951388888888889 0.42314814814814816 0.19444444444444445 0.41944444444444445 0.19444444444444445 0.4185185185185185 0.19375 0.4083333333333333 0.19375 0.4074074074074074 0.19305555555555556 0.40555555555555556 0.19305555555555556 0.4046296296296296 0.19236111111111112 0.39814814814814814 0.19236111111111112 0.3972222222222222 0.19166666666666668 0.39351851851851855 0.19166666666666668 0.3925925925925926 0.1909722222222222 0.3907407407407407 0.1909722222222222 0.38981481481481484 0.19027777777777777 0.3888888888888889 0.19027777777777777 0.38796296296296295 0.18958333333333333 0.38425925925925924 0.18958333333333333 0.38333333333333336 0.18888888888888888 0.3824074074074074 0.18888888888888888 0.37962962962962965 0.18680555555555556 0.37962962962962965 0.18611111111111112 0.3787037037037037 0.18541666666666667 0.3787037037037037 0.1840277777777778 0.37777777777777777 0.18333333333333332 0.37777777777777777 0.18263888888888888 0.3768518518518518 0.18194444444444444 0.3768518518518518 0.18125 0.37592592592592594 0.18055555555555555 0.375 0.18055555555555555 0.37407407407407406 0.1798611111111111
0 0.42777777777777776 0.7652777777777777 0.42685185185185187 0.7659722222222223 0.42685185185185187 0.7666666666666667 0.4305555555555556 0.7666666666666667 0.43148148148148147 0.7673611111111112 0.4324074074074074 0.7673611111111112 0.43333333333333335 0.7680555555555556 0.43703703703703706 0.7680555555555556 0.43796296296296294 0.7673611111111112 0.43796296296296294 0.7659722222222223 0.43703703703703706 0.7652777777777777 0.4324074074074074 0.7652777777777777 0.43148148148148147 0.7659722222222223 0.4287037037037037 0.7659722222222223
0 0.4388888888888889 0.6965277777777777 0.43796296296296294 0.6972222222222222 0.43796296296296294 0.6986111111111111 0.4388888888888889 0.6993055555555555 0.4388888888888889 0.7 0.4398148148148148 0.7006944444444444 0.44074074074074077 0.7 0.44166666666666665 0.7 0.44166666666666665 0.6972222222222222 0.44074074074074077 0.6965277777777777
0 0.49722222222222223 0.6729166666666667 0.4935185185185185 0.6756944444444445 0.4935185185185185 0.6770833333333334 0.4925925925925926 0.6777777777777778 0.4925925925925926 0.68125 0.4935185185185185 0.6819444444444445 0.4935185185185185 0.6840277777777778 0.49444444444444446 0.6847222222222222 0.49444444444444446 0.6875 0.49537037037037035 0.6881944444444444 0.49537037037037035 0.69375 0.4935185185185185 0.6951388888888889 0.4935185185185185 0.6958333333333333 0.49074074074074076 0.6979166666666666 0.49074074074074076 0.6986111111111111 0.4898148148148148 0.6993055555555555 0.4888888888888889 0.6993055555555555 0.487962962962963 0.7 0.4824074074074074 0.7 0.48148148148148145 0.6993055555555555 0.48055555555555557 0.6993055555555555 0.47685185185185186 0.6965277777777777 0.47685185185185186 0.6958333333333333 0.4759259259259259 0.6951388888888889 0.4759259259259259 0.6944444444444444 0.475 0.69375 0.475 0.6930555555555555 0.4740740740740741 0.6923611111111111 0.4740740740740741 0.6916666666666667 0.47314814814814815 0.6909722222222222 0.47314814814814815 0.6902777777777778 0.47129629629629627 0.6888888888888889 0.47129629629629627 0.6881944444444444 0.4685185185185185 0.6861111111111111 0.4685185185185185 0.6847222222222222 0.4675925925925926 0.6840277777777778 0.4675925925925926 0.68125 0.4666666666666667 0.6805555555555556 0.4666666666666667 0.6791666666666667 0.46574074074074073 0.6784722222222223 0.46574074074074073 0.6777777777777778 0.462037037037037 0.675 0.46111111111111114 0.675 0.4601851851851852 0.6743055555555556 0.4527777777777778 0.6743055555555556 0.45185185185185184 0.675 0.45092592592592595 0.675 0.45 0.6756944444444445 0.45 0.6763888888888889 0.44907407407407407 0.6770833333333334 0.44907407407407407 0.6784722222222223 0.44814814814814813 0.6791666666666667 0.44814814814814813 0.68125 0.44722222222222224 0.6819444444444445 0.44814814814814813 0.6826388888888889 0.44814814814814813 0.6888888888888889 0.44907407407407407 0.6895833333333333 0.44907407407407407 0.6909722222222222 0.45 0.6916666666666667 0.45 0.69375 0.4444444444444444 0.6979166666666666 0.4462962962962963 0.6979166666666666 0.44722222222222224 0.6986111111111111 0.44722222222222224 0.7 0.44814814814814813 0.7006944444444444 0.44814814814814813 0.7027777777777777 0.44907407407407407 0.7034722222222223 0.44907407407407407 0.70625 0.45 0.7069444444444445 0.45 0.7111111111111111 0.45092592592592595 0.7118055555555556 0.45092592592592595 0.725 0.45 0.7256944444444444 0.45 0.7298611111111111 0.44907407407407407 0.7305555555555555 0.44907407407407407 0.7326388888888888 0.44814814814814813 0.7333333333333333 0.44814814814814813 0.7340277777777777 0.4462962962962963 0.7354166666666667 0.44537037037037036 0.7354166666666667 0.4444444444444444 0.7361111111111112 0.44074074074074077 0.7361111111111112 0.4398148148148148 0.7354166666666667 0.4361111111111111 0.7354166666666667 0.4351851851851852 0.7361111111111112 0.41203703703703703 0.7361111111111112 0.4111111111111111 0.7354166666666667 0.3907407407407407 0.7354166666666667 0.38981481481481484 0.7361111111111112 0.3925925925925926 0.7381944444444445 0.3962962962962963 0.7381944444444445 0.39814814814814814 0.7395833333333334 0.40555555555555556 0.7395833333333334 0.4064814814814815 0.7402777777777778 0.4203703703703704 0.7402777777777778 0.4212962962962963 0.7409722222222223 0.4351851851851852 0.7409722222222223 0.4361111111111111 0.7416666666666667 0.4388888888888889 0.7416666666666667 0.4398148148148148 0.7423611111111111 0.44166666666666665 0.7423611111111111 0.44537037037037036 0.7451388888888889 0.44537037037037036 0.7458333333333333 0.4462962962962963 0.7465277777777778 0.4462962962962963 0.7472222222222222 0.44722222222222224 0.7479166666666667 0.44722222222222224 0.7486111111111111 0.44907407407407407 0.75 0.44907407407407407 0.7513888888888889 0.45 0.7520833333333333 0.45 0.7569444444444444 0.44907407407407407 0.7576388888888889 0.44907407407407407 0.7590277777777777 0.44814814814814813 0.7597222222222222 0.44814814814814813 0.7604166666666666 0.44722222222222224 0.7611111111111111 0.44722222222222224 0.7625 0.44166666666666665 0.7666666666666667 0.4425925925925926 0.7673611111111112 0.44351851851851853 0.7673611111111112 0.4462962962962963 0.7694444444444445 0.4462962962962963 0.7701388888888889 0.44722222222222224 0.7708333333333334 0.44722222222222224 0.7729166666666667 0.4462962962962963 0.7736111111111111 0.4462962962962963 0.7743055555555556 0.4444444444444444 0.7756944444444445 0.4361111111111111 0.7756944444444445 0.4351851851851852 0.775 0.43148148148148147 0.775 0.4305555555555556 0.7743055555555556 0.42592592592592593 0.7743055555555556 0.425 0.7736111111111111 0.4222222222222222 0.7736111111111111 0.4212962962962963 0.7729166666666667 0.41759259259259257 0.7729166666666667 0.4166666666666667 0.7722222222222223 0.4074074074074074 0.7722222222222223 0.4064814814814815 0.7715277777777778 0.4046296296296296 0.7715277777777778 0.40370370370370373 0.7708333333333334 0.40185185185185185 0.7708333333333334 0.4009259259259259 0.7701388888888889 0.4 0.7701388888888889 0.3990740740740741 0.7694444444444445 0.39444444444444443 0.7694444444444445 0.39351851851851855 0.76875 0.38333333333333336 0.76875 0.3824074074074074 0.7680555555555556 0.3787037037037037 0.7680555555555556 0.37777777777777777 0.7673611111111112 0.375 0.7673611111111112 0.37407407407407406 0.7666666666666667 0.3712962962962963 0.7666666666666667 0.37037037037037035 0.7659722222222223 0.3685185185185185 0.7659722222222223 0.3638888888888889 0.7694444444444445 0.3638888888888889 0.7701388888888889 0.362962962962963 0.7708333333333334 0.362962962962963 0.7743055555555556 0.36203703703703705 0.775 0.36203703703703705 0.7763888888888889 0.362962962962963 0.7770833333333333 0.362962962962963 0.7784722222222222 0.3638888888888889 0.7791666666666667 0.3638888888888889 0.7854166666666667 0.362962962962963 0.7861111111111111 0.362962962962963 0.7875 0.36203703703703705 0.7881944444444444 0.36203703703703705 0.7895833333333333 0.3611111111111111 0.7902777777777777 0.3611111111111111 0.8013888888888889 0.36203703703703705 0.8020833333333334 0.36203703703703705 0.8041666666666667 0.3611111111111111 0.8048611111111111 0.3611111111111111 0.8125 0.36203703703703705 0.8131944444444444 0.36203703703703705 0.8152777777777778 0.362962962962963 0.8159722222222222 0.362962962962963 0.8166666666666667 0.3638888888888889 0.8173611111111111 0.3638888888888889 0.8194444444444444 0.3648148148148148 0.8201388888888889 0.3648148148148148 0.8208333333333333 0.3648148148148148 0.8194444444444444 0.36574074074074076 0.81875 0.36574074074074076 0.8125 0.36666666666666664 0.8118055555555556 0.36666666666666664 0.8013888888888889 0.3675925925925926 0.8006944444444445 0.3675925925925926 0.8 0.3685185185185185 0.7993055555555556 0.3685185185185185 0.7923611111111111 0.3675925925925926 0.7916666666666666 0.3675925925925926 0.7881944444444444 0.36666666666666664 0.7875 0.36666666666666664 0.7847222222222222 0.36574074074074076 0.7840277777777778 0.36574074074074076 0.7833333333333333 0.3675925925925926 0.7819444444444444 0.3685185185185185 0.7819444444444444 0.36944444444444446 0.78125 0.375 0.78125 0.37592592592592594 0.7805555555555556 0.3768518518518518 0.7805555555555556 0.37777777777777777 0.78125 0.3824074074074074 0.78125 0.38333333333333336 0.7819444444444444 0.387037037037037 0.7819444444444444 0.38796296296296295 0.7826388888888889 0.3907407407407407 0.7826388888888889 0.39166666666666666 0.7833333333333333 0.3972222222222222 0.7833333333333333 0.39814814814814814 0.7840277777777778 0.4027777777777778 0.7840277777777778 0.40370370370370373 0.7847222222222222 0.4064814814814815 0.7847222222222222 0.4074074074074074 0.7854166666666667 0.41203703703703703 0.7854166666666667 0.412962962962963 0.7861111111111111 0.4185185185185185 0.7861111111111111 0.41944444444444445 0.7868055555555555 0.42314814814814816 0.7868055555555555 0.42407407407407405 0.7875 0.4305555555555556 0.7875 0.43148148148148147 0.7881944444444444 0.4361111111111111 0.7881944444444444 0.43703703703703706 0.7888888888888889 0.44166666666666665 0.7888888888888889 0.4425925925925926 0.7895833333333333 0.44537037037037036 0.7895833333333333 0.4462962962962963 0.7888888888888889 0.44722222222222224 0.7895833333333333 0.44814814814814813 0.7895833333333333 0.45 0.7909722222222222 0.45 0.7923611111111111 0.45092592592592595 0.7930555555555555 0.45092592592592595 0.7993055555555556 0.45185185185185184 0.8 0.45185185185185184 0.9138888888888889 0.4527777777777778 0.9145833333333333 0.4527777777777778 0.9152777777777777 0.45185185185185184 0.9159722222222222 0.45185185185185184 0.9222222222222223 0.4527777777777778 0.9229166666666667 0.4527777777777778 0.9340277777777778 0.45185185185185184 0.9347222222222222 0.45185185185185184 0.9423611111111111 0.4527777777777778 0.9430555555555555 0.4527777777777778 0.9472222222222222 0.45185185185185184 0.9479166666666666 0.45185185185185184 0.9541666666666667 0.4527777777777778 0.9548611111111112 0.4527777777777778 0.9993055555555556 0.49907407407407406 0.9993055555555556 0.49907407407407406 0.9944444444444445 0.4981481481481482 0.99375 0.4981481481481482 0.9909722222222223 0.49722222222222223 0.9902777777777778 0.49722222222222223 0.9881944444444445 0.4962962962962963 0.9875 0.4962962962962963 0.9826388888888888 0.49537037037037035 0.9819444444444444 0.49537037037037035 0.9763888888888889 0.49444444444444446 0.9756944444444444 0.49444444444444446 0.9638888888888889 0.4935185185185185 0.9631944444444445 0.4935185185185185 0.9527777777777777 0.4925925925925926 0.9520833333333333 0.4925925925925926 0.9423611111111111 0.49166666666666664 0.9416666666666667 0.49166666666666664 0.9201388888888888 0.49074074074074076 0.9194444444444444 0.49074074074074076 0.9131944444444444 0.4898148148148148 0.9125 0.4898148148148148 0.9076388888888889 0.4888888888888889 0.9069444444444444 0.4888888888888889 0.9034722222222222 0.487962962962963 0.9027777777777778 0.487962962962963 0.8979166666666667 0.48703703703703705 0.8972222222222223 0.48703703703703705 0.8847222222222222 0.487962962962963 0.8840277777777777 0.487962962962963 0.8833333333333333 0.4898148148148148 0.8819444444444444 0.49074074074074076 0.8819444444444444 0.49166666666666664 0.88125 0.49537037037037035 0.88125 0.49444444444444446 0.8805555555555555 0.49444444444444446 0.8770833333333333 0.49537037037037035 0.8763888888888889 0.49537037037037035 0.875 0.4925925925925926 0.8729166666666667 0.4925925925925926 0.8722222222222222 0.49074074074074076 0.8708333333333333 0.49074074074074076 0.8701388888888889 0.4888888888888889 0.86875 0.4888888888888889 0.8680555555555556 0.487962962962963 0.8673611111111111 0.487962962962963 0.8666666666666667 0.48703703703703705 0.8659722222222223 0.48703703703703705 0.8527777777777777 0.4861111111111111 0.8520833333333333 0.4861111111111111 0.8458333333333333 0.48703703703703705 0.8451388888888889 0.48703703703703705 0.8430555555555556 0.487962962962963 0.8423611111111111 0.487962962962963 0.8416666666666667 0.4888888888888889 0.8409722222222222 0.4888888888888889 0.8402777777777778 0.4898148148148148 0.8395833333333333 0.4898148148148148 0.8388888888888889 0.49074074074074076 0.8381944444444445 0.49074074074074076 0.8375 0.49537037037037035 0.8340277777777778 0.49537037037037035 0.8333333333333334 0.49722222222222223 0.8319444444444445 0.49722222222222223 0.83125 0.49907407407407406 0.8298611111111112 0.49907407407407406 0.8291666666666667 0.5 0.8284722222222223 0.5 0.8277777777777777 0.5009259259259259 0.8270833333333333 0.5009259259259259 0.8256944444444444 0.5018518518518519 0.825 0.5018518518518519 0.8243055555555555 0.5037037037037037 0.8229166666666666 0.5037037037037037 0.8173611111111111 0.4981481481481482 0.8131944444444444 0.4981481481481482 0.8097222222222222 0.49722222222222223 0.8090277777777778 0.49722222222222223 0.8076388888888889 0.4962962962962963 0.8069444444444445 0.4962962962962963 0.8048611111111111 0.49722222222222223 0.8041666666666667 0.49722222222222223 0.8027777777777778 0.4981481481481482 0.8020833333333334 0.4981481481481482 0.8013888888888889 0.49907407407407406 0.8006944444444445 0.5 0.8006944444444445 0.5009259259259259 0.8 0.5101851851851852 0.8 0.5111111111111111 0.8006944444444445 0.5175925925925926 0.8006944444444445 0.5185185185185185 0.8013888888888889 0.524074074074074 0.8013888888888889 0.525 0.8020833333333334 0.5277777777777778 0.8020833333333334 0.5287037037037037 0.8027777777777778 0.5305555555555556 0.8027777777777778 0.5314814814814814 0.8034722222222223 0.5342592592592592 0.8034722222222223 0.5351851851851852 0.8041666666666667 0.5398148148148149 0.8041666666666667 0.5407407407407407 0.8048611111111111 0.5416666666666666 0.8048611111111111 0.5425925925925926 0.8055555555555556 0.5425925925925926 0.8076388888888889 0.5416666666666666 0.8083333333333333 0.5416666666666666 0.8097222222222222 0.5407407407407407 0.8104166666666667 0.5407407407407407 0.8236111111111111 0.5398148148148149 0.8243055555555555 0.5398148148148149 0.8263888888888888 0.5407407407407407 0.8270833333333333 0.5407407407407407 0.8319444444444445 0.5398148148148149 0.8326388888888889 0.5398148148148149 0.8368055555555556 0.5407407407407407 0.8375 0.5407407407407407 0.8402777777777778 0.5416666666666666 0.8409722222222222 0.5416666666666666 0.8416666666666667 0.5425925925925926 0.8423611111111111 0.5425925925925926 0.8430555555555556 0.5435185185185185 0.8430555555555556 0.5444444444444444 0.8423611111111111 0.5462962962962963 0.8423611111111111 0.5472222222222223 0.8416666666666667 0.5481481481481482 0.8416666666666667 0.5481481481481482 0.8375 0.549074074074074 0.8368055555555556 0.549074074074074 0.8354166666666667 0.55 0.8347222222222223 0.55 0.8319444444444445 0.5509259259259259 0.83125 0.5509259259259259 0.8291666666666667 0.5518518518518518 0.8284722222222223 0.5518518518518518 0.8270833333333333 0.5527777777777778 0.8263888888888888 0.5527777777777778 0.8222222222222222 0.5537037037037037 0.8215277777777777 0.5537037037037037 0.8173611111111111 0.5546296296296296 0.8166666666666667 0.5546296296296296 0.8125 0.5555555555555556 0.8118055555555556 0.5555555555555556 0.8097222222222222 0.5564814814814815 0.8090277777777778 0.5564814814814815 0.8083333333333333 0.5574074074074075 0.8076388888888889 0.5574074074074075 0.8069444444444445 0.5601851851851852 0.8048611111111111 0.5601851851851852 0.8041666666666667 0.5611111111111111 0.8034722222222223 0.5611111111111111 0.8027777777777778 0.562037037037037 0.8020833333333334 0.562037037037037 0.7895833333333333 0.562962962962963 0.7888888888888889 0.562962962962963 0.7875 0.5638888888888889 0.7868055555555555 0.5638888888888889 0.7840277777777778 0.5648148148148148 0.7833333333333333 0.5648148148148148 0.7826388888888889 0.5638888888888889 0.7819444444444444 0.5638888888888889 0.78125 0.562962962962963 0.7805555555555556 0.562962962962963 0.7798611111111111 0.562037037037037 0.7791666666666667 0.562037037037037 0.7784722222222222 0.5611111111111111 0.7777777777777778 0.5611111111111111 0.7770833333333333 0.5583333333333333 0.775 0.5564814814814815 0.775 0.5555555555555556 0.7743055555555556 0.5546296296296296 0.7743055555555556 0.5537037037037037 0.775 0.5518518518518518 0.775 0.549074074074074 0.7770833333333333 0.549074074074074 0.7777777777777778 0.5481481481481482 0.7784722222222222 0.5481481481481482 0.7798611111111111 0.5472222222222223 0.7805555555555556 0.5472222222222223 0.7826388888888889 0.5462962962962963 0.7833333333333333 0.5472222222222223 0.7840277777777778 0.5472222222222223 0.7888888888888889 0.5453703703703704 0.7902777777777777 0.5314814814814814 0.7902777777777777 0.5305555555555556 0.7895833333333333 0.525 0.7895833333333333 0.524074074074074 0.7888888888888889 0.5175925925925926 0.7888888888888889 0.5166666666666667 0.7881944444444444 0.512962962962963 0.7881944444444444 0.5120370370370371 0.7875 0.5083333333333333 0.7875 0.5074074074074074 0.7868055555555555 0.5046296296296297 0.7868055555555555 0.5037037037037037 0.7861111111111111 0.5018518518518519 0.7861111111111111 0.5009259259259259 0.7854166666666667 0.5 0.7854166666666667 0.4981481481481482 0.7840277777777778 0.49722222222222223 0.7840277777777778 0.4962962962962963 0.7833333333333333 0.49537037037037035 0.7833333333333333 0.49074074074074076 0.7798611111111111 0.49074074074074076 0.7722222222222223 0.4898148148148148 0.7715277777777778 0.4898148148148148 0.76875 0.4888888888888889 0.7680555555555556 0.4888888888888889 0.7659722222222223 0.487962962962963 0.7652777777777777 0.487962962962963 0.7645833333333333 0.48703703703703705 0.7638888888888888 0.48703703703703705 0.7625 0.4861111111111111 0.7618055555555555 0.4861111111111111 0.7548611111111111 0.48703703703703705 0.7541666666666667 0.48703703703703705 0.7472222222222222 0.4861111111111111 0.7465277777777778 0.4861111111111111 0.7444444444444445 0.48518518518518516 0.74375 0.48518518518518516 0.7423611111111111 0.4842592592592593 0.7416666666666667 0.4842592592592593 0.7409722222222223 0.48333333333333334 0.7402777777777778 0.48333333333333334 0.7388888888888889 0.4842592592592593 0.7381944444444445 0.4842592592592593 0.7347222222222223 0.48518518518518516 0.7340277777777777 0.48518518518518516 0.7333333333333333 0.487962962962963 0.73125 0.487962962962963 0.7305555555555555 0.4888888888888889 0.7298611111111111 0.4888888888888889 0.7291666666666666 0.4898148148148148 0.7284722222222222 0.4898148148148148 0.7277777777777777 0.49166666666666664 0.7263888888888889 0.49166666666666664 0.725 0.4925925925925926 0.7243055555555555 0.4925925925925926 0.7236111111111111 0.4935185185185185 0.7229166666666667 0.4935185185185185 0.7222222222222222 0.49444444444444446 0.7215277777777778 0.49444444444444446 0.7208333333333333 0.49722222222222223 0.71875 0.49722222222222223 0.7180555555555556 0.49907407407407406 0.7166666666666667 0.49907407407407406 0.7152777777777778 0.5 0.7145833333333333 0.5 0.7131944444444445 0.5009259259259259 0.7125 0.5009259259259259 0.7118055555555556 0.5055555555555555 0.7083333333333334 0.5055555555555555 0.7069444444444445 0.5064814814814815 0.70625 0.5064814814814815 0.7041666666666667 0.5074074074074074 0.7034722222222223 0.5074074074074074 0.7027777777777777 0.5083333333333333 0.7020833333333333 0.5083333333333333 0.7013888888888888 0.5092592592592593 0.7006944444444444 0.5092592592592593 0.6923611111111111 0.5101851851851852 0.6916666666666667 0.5101851851851852 0.6909722222222222 0.5111111111111111 0.6902777777777778 0.5111111111111111 0.6895833333333333 0.5120370370370371 0.6888888888888889 0.5120370370370371 0.6881944444444444 0.512962962962963 0.6875 0.512962962962963 0.6826388888888889 0.5138888888888888 0.6819444444444445 0.512962962962963 0.68125 0.512962962962963 0.6791666666666667 0.5120370370370371 0.6784722222222223 0.5120370370370371 0.6777777777777778 0.5111111111111111 0.6770833333333334 0.5111111111111111 0.6763888888888889 0.5092592592592593 0.675 0.5092592592592593 0.6743055555555556 0.5083333333333333 0.6736111111111112 0.5074074074074074 0.6736111111111112 0.5064814814814815 0.6729166666666667