0 0.6305555555555555 0.94375 0.6305555555555555 0.9465277777777777 0.6314814814814815 0.9472222222222222 0.6314814814814815 0.9569444444444445 0.6314814814814815 0.9541666666666667 0.6324074074074074 0.9534722222222223 0.6324074074074074 0.9493055555555555 0.6314814814814815 0.9486111111111111 0.6314814814814815 0.9465277777777777 0.6305555555555555 0.9458333333333333
0 0.6611111111111111 0.5388888888888889 0.6601851851851852 0.5395833333333333 0.6574074074074074 0.5395833333333333 0.662962962962963 0.5395833333333333 0.6638888888888889 0.5388888888888889 0.6722222222222223 0.5388888888888889
0 0.6370370370370371 0.5381944444444444 0.6370370370370371 0.5388888888888889 0.6407407407407407 0.5388888888888889 0.6398148148148148 0.5388888888888889 0.6388888888888888 0.5381944444444444
0 0.5138888888888888 0.5333333333333333 0.512962962962963 0.5340277777777778 0.512962962962963 0.5347222222222222 0.5111111111111111 0.5361111111111111 0.5092592592592593 0.5361111111111111 0.5074074074074074 0.5375 0.5074074074074074 0.5381944444444444 0.5083333333333333 0.5375 0.5092592592592593 0.5375 0.5101851851851852 0.5368055555555555 0.5111111111111111 0.5368055555555555 0.512962962962963 0.5354166666666667 0.512962962962963 0.5347222222222222 0.5138888888888888 0.5340277777777778
0 0.6175925925925926 0.2791666666666667 0.6175925925925926 0.28194444444444444 0.6166666666666667 0.2826388888888889 0.6138888888888889 0.2826388888888889 0.612037037037037 0.28402777777777777 0.6092592592592593 0.28402777777777777 0.6074074074074074 0.2826388888888889 0.6064814814814815 0.2826388888888889 0.6037037037037037 0.2847222222222222 0.6027777777777777 0.2847222222222222 0.6018518518518519 0.28402777777777777 0.600925925925926 0.28402777777777777 0.6 0.2833333333333333 0.6 0.2826388888888889 0.5990740740740741 0.28194444444444444 0.5990740740740741 0.28125 0.5981481481481481 0.28125 0.5981481481481481 0.2826388888888889 0.5962962962962963 0.28402777777777777 0.5944444444444444 0.28402777777777777 0.5935185185185186 0.2847222222222222 0.5925925925925926 0.2847222222222222 0.5925925925925926 0.28541666666666665 0.5916666666666667 0.2861111111111111 0.5916666666666667 0.28680555555555554 0.5898148148148148 0.2881944444444444 0.5898148148148148 0.28958333333333336 0.5888888888888889 0.2902777777777778 0.5888888888888889 0.2916666666666667 0.5898148148148148 0.2923611111111111 0.5898148148148148 0.29305555555555557 0.5935185185185186 0.29583333333333334 0.5944444444444444 0.29583333333333334 0.5953703703703703 0.2965277777777778 0.5962962962962963 0.29583333333333334 0.5990740740740741 0.29583333333333334 0.6 0.2951388888888889 0.6064814814814815 0.2951388888888889 0.6074074074074074 0.29444444444444445 0.6148148148148148 0.29444444444444445 0.6157407407407407 0.2951388888888889 0.6175925925925926 0.2951388888888889 0.6175925925925926 0.29375 0.6185185185185185 0.29305555555555557 0.6185185185185185 0.2916666666666667 0.6194444444444445 0.29097222222222224 0.6194444444444445 0.2875 0.6203703703703703 0.28680555555555554 0.6203703703703703 0.2847222222222222 0.6212962962962963 0.28402777777777777 0.6212962962962963 0.2833333333333333 0.6203703703703703 0.2826388888888889 0.6203703703703703 0.28194444444444444 0.6185185185185185 0.28055555555555556 0.6185185185185185 0.2791666666666667
0 0.5981481481481481 0.27361111111111114 0.5972222222222222 0.2743055555555556 0.5972222222222222 0.2763888888888889 0.5962962962962963 0.27708333333333335 0.5944444444444444 0.27708333333333335 0.5944444444444444 0.2777777777777778 0.5935185185185186 0.27847222222222223 0.5944444444444444 0.2791666666666667 0.5944444444444444 0.2798611111111111 0.5953703703703703 0.28055555555555556 0.5962962962962963 0.28055555555555556 0.5972222222222222 0.2798611111111111 0.5972222222222222 0.2777777777777778 0.5981481481481481 0.27708333333333335 0.5990740740740741 0.27708333333333335 0.6 0.2763888888888889 0.6 0.27361111111111114
0 0.6064814814814815 0.2659722222222222 0.6046296296296296 0.2673611111111111 0.6046296296296296 0.26805555555555555 0.6027777777777777 0.26944444444444443 0.6018518518518519 0.26944444444444443 0.6018518518518519 0.2722222222222222 0.6046296296296296 0.2722222222222222 0.6046296296296296 0.27152777777777776 0.6083333333333333 0.26875 0.6083333333333333 0.26666666666666666 0.6074074074074074 0.2659722222222222
0 0.6194444444444445 0.25277777777777777 0.6194444444444445 0.25416666666666665 0.6185185185185185 0.2548611111111111 0.6185185185185185 0.25763888888888886 0.6185185185185185 0.2548611111111111 0.6194444444444445 0.25416666666666665
0 0.6129629629629629 0.15069444444444444 0.6129629629629629 0.15138888888888888 0.6138888888888889 0.15138888888888888 0.6148148148148148 0.15069444444444444 0.6157407407407407 0.15069444444444444
0 0.6064814814814815 0.15 0.6037037037037037 0.15208333333333332 0.6 0.15208333333333332 0.5990740740740741 0.1527777777777778 0.5972222222222222 0.1527777777777778 0.5962962962962963 0.15208333333333332 0.5953703703703703 0.15208333333333332 0.5935185185185186 0.15347222222222223 0.5944444444444444 0.15416666666666667 0.5962962962962963 0.15416666666666667 0.5972222222222222 0.15347222222222223 0.6 0.15347222222222223 0.600925925925926 0.15416666666666667 0.6055555555555555 0.15416666666666667 0.6064814814814815 0.15347222222222223 0.6111111111111112 0.15347222222222223 0.6111111111111112 0.15208333333333332 0.6101851851851852 0.15208333333333332 0.6092592592592593 0.15138888888888888 0.6092592592592593 0.15069444444444444 0.6083333333333333 0.15
0 0.6222222222222222 0.14930555555555555 0.6212962962962963 0.15 0.6212962962962963 0.15138888888888888 0.6231481481481481 0.15138888888888888 0.6240740740740741 0.15069444444444444 0.6240740740740741 0.15 0.6231481481481481 0.14930555555555555
0 0.6796296296296296 0.020833333333333332 0.6787037037037037 0.021527777777777778 0.6777777777777778 0.021527777777777778 0.6768518518518518 0.022222222222222223 0.6759259259259259 0.022222222222222223 0.675 0.022916666666666665 0.674074074074074 0.022916666666666665 0.6731481481481482 0.02361111111111111 0.6731481481481482 0.025 0.6722222222222223 0.025694444444444443 0.6722222222222223 0.027777777777777776 0.6712962962962963 0.02847222222222222 0.6712962962962963 0.034722222222222224 0.6722222222222223 0.035416666666666666 0.6722222222222223 0.03819444444444445 0.6731481481481482 0.03888888888888889 0.6731481481481482 0.04027777777777778 0.674074074074074 0.04097222222222222 0.674074074074074 0.043055555555555555 0.675 0.04375 0.675 0.04583333333333333 0.6759259259259259 0.04652777777777778 0.6759259259259259 0.052083333333333336 0.6768518518518518 0.05277777777777778 0.6768518518518518 0.06041666666666667 0.6777777777777778 0.06111111111111111 0.6777777777777778 0.06944444444444445 0.6787037037037037 0.07013888888888889 0.6787037037037037 0.08472222222222223 0.6796296296296296 0.08541666666666667 0.6796296296296296 0.09097222222222222 0.6787037037037037 0.09166666666666666 0.6787037037037037 0.09583333333333334 0.6777777777777778 0.09652777777777778 0.6777777777777778 0.1076388888888889 0.6787037037037037 0.10833333333333334 0.6787037037037037 0.11041666666666666 0.6796296296296296 0.1111111111111111 0.6796296296296296 0.11388888888888889 0.6805555555555556 0.11458333333333333 0.6805555555555556 0.11666666666666667 0.6824074074074075 0.11805555555555555 0.6824074074074075 0.125 0.6833333333333333 0.12569444444444444 0.6833333333333333 0.12708333333333333 0.6824074074074075 0.12777777777777777 0.6824074074074075 0.13402777777777777 0.6814814814814815 0.13472222222222222 0.6814814814814815 0.13541666666666666 0.6796296296296296 0.13680555555555557 0.6787037037037037 0.13680555555555557 0.6777777777777778 0.1375 0.6722222222222223 0.1375 0.6712962962962963 0.13819444444444445 0.6703703703703704 0.13819444444444445 0.6694444444444444 0.1388888888888889 0.6666666666666666 0.1388888888888889 0.6657407407407407 0.13819444444444445 0.6648148148148149 0.1388888888888889 0.6620370370370371 0.1388888888888889 0.6611111111111111 0.13958333333333334 0.6583333333333333 0.13958333333333334 0.6574074074074074 0.14027777777777778 0.6564814814814814 0.14027777777777778 0.6555555555555556 0.14097222222222222 0.6537037037037037 0.14097222222222222 0.6527777777777778 0.14166666666666666 0.6518518518518519 0.14166666666666666 0.6509259259259259 0.1423611111111111 0.649074074074074 0.1423611111111111 0.6481481481481481 0.14166666666666666 0.6472222222222223 0.14166666666666666 0.6462962962962963 0.14097222222222222 0.6453703703703704 0.14097222222222222 0.6444444444444445 0.14166666666666666 0.6435185185185185 0.14166666666666666 0.6425925925925926 0.1423611111111111 0.637962962962963 0.1423611111111111 0.6370370370370371 0.14305555555555555 0.6370370370370371 0.14375 0.6351851851851852 0.1451388888888889 0.6351851851851852 0.14583333333333334 0.6333333333333333 0.14722222222222223 0.6333333333333333 0.14791666666666667 0.6314814814814815 0.14930555555555555 0.6305555555555555 0.14930555555555555 0.6287037037037037 0.15069444444444444 0.6305555555555555 0.15069444444444444 0.6314814814814815 0.15138888888888888 0.6314814814814815 0.15208333333333332 0.6324074074074074 0.1527777777777778 0.6324074074074074 0.15347222222222223 0.6333333333333333 0.15416666666666667 0.6333333333333333 0.15486111111111112 0.6351851851851852 0.15625 0.6351851851851852 0.15694444444444444 0.6361111111111111 0.15763888888888888 0.6361111111111111 0.16666666666666666 0.6351851851851852 0.1673611111111111 0.6351851851851852 0.16805555555555557 0.6342592592592593 0.16875 0.6342592592592593 0.17222222222222222 0.6351851851851852 0.17291666666666666 0.6342592592592593 0.1736111111111111 0.6324074074074074 0.1736111111111111 0.6314814814814815 0.17291666666666666 0.6305555555555555 0.1736111111111111 0.6305555555555555 0.17569444444444443 0.6314814814814815 0.1763888888888889 0.6314814814814815 0.17708333333333334 0.6296296296296297 0.17847222222222223 0.6277777777777778 0.17847222222222223 0.6268518518518519 0.17916666666666667 0.6268518518518519 0.1798611111111111 0.6259259259259259 0.18055555555555555 0.6222222222222222 0.18055555555555555 0.6222222222222222 0.18125 0.6212962962962963 0.18194444444444444 0.6212962962962963 0.18333333333333332 0.6203703703703703 0.1840277777777778 0.6194444444444445 0.1840277777777778 0.6175925925925926 0.18541666666666667 0.6175925925925926 0.18611111111111112 0.6166666666666667 0.18680555555555556 0.612037037037037 0.18680555555555556 0.6101851851851852 0.18541666666666667 0.6055555555555555 0.18541666666666667 0.6046296296296296 0.18472222222222223 0.6037037037037037 0.18472222222222223 0.600925925925926 0.18680555555555556 0.6 0.18680555555555556 0.5972222222222222 0.18888888888888888 0.5972222222222222 0.19027777777777777 0.5962962962962963 0.1909722222222222 0.5935185185185186 0.1909722222222222 0.5916666666666667 0.18958333333333333 0.5879629629629629 0.19236111111111112 0.587037037037037 0.19236111111111112 0.5861111111111111 0.19305555555555556 0.5851851851851851 0.19305555555555556 0.5842592592592593 0.19375 0.5796296296296296 0.19375 0.5777777777777777 0.1951388888888889 0.575 0.1951388888888889 0.5731481481481482 0.19652777777777777 0.5722222222222222 0.19652777777777777 0.5722222222222222 0.19722222222222222 0.5703703703703704 0.1986111111111111 0.5703703703703704 0.19930555555555557 0.5694444444444444 0.2 0.5703703703703704 0.20069444444444445 0.5703703703703704 0.2013888888888889 0.5722222222222222 0.20277777777777778 0.5731481481481482 0.20277777777777778 0.575 0.20416666666666666 0.575925925925926 0.20416666666666666 0.5777777777777777 0.20277777777777778 0.5805555555555556 0.20277777777777778 0.5814814814814815 0.20347222222222222 0.5824074074074074 0.20347222222222222 0.5833333333333334 0.20416666666666666 0.5842592592592593 0.20347222222222222 0.5879629629629629 0.20347222222222222 0.5907407407407408 0.20555555555555555 0.5925925925925926 0.20555555555555555 0.5925925925925926 0.2048611111111111 0.5935185185185186 0.20416666666666666 0.5935185185185186 0.20347222222222222 0.5944444444444444 0.20277777777777778 0.5972222222222222 0.20277777777777778 0.5981481481481481 0.20347222222222222 0.5981481481481481 0.2048611111111111 0.5990740740740741 0.20555555555555555 0.6 0.20555555555555555 0.600925925925926 0.20625 0.600925925925926 0.20972222222222223 0.5990740740740741 0.2111111111111111 0.5972222222222222 0.2111111111111111 0.5953703703703703 0.2125 0.5907407407407408 0.2125 0.5907407407407408 0.21319444444444444 0.5888888888888889 0.21458333333333332 0.5879629629629629 0.21458333333333332 0.587037037037037 0.2152777777777778 0.5861111111111111 0.2152777777777778 0.5833333333333334 0.21736111111111112 0.5805555555555556 0.21736111111111112 0.5796296296296296 0.21805555555555556 0.5796296296296296 0.22013888888888888 0.5777777777777777 0.22152777777777777 0.5777777777777777 0.22569444444444445 0.5768518518518518 0.2263888888888889 0.5768518518518518 0.22708333333333333 0.575925925925926 0.22777777777777777 0.575925925925926 0.22916666666666666 0.5777777777777777 0.23055555555555557 0.5777777777777777 0.23125 0.5796296296296296 0.2326388888888889 0.5898148148148148 0.2326388888888889 0.5907407407407408 0.23194444444444445 0.5935185185185186 0.23194444444444445 0.5944444444444444 0.23125 0.5962962962962963 0.23125 0.5972222222222222 0.23055555555555557 0.6018518518518519 0.23055555555555557 0.6027777777777777 0.23125 0.6037037037037037 0.23125 0.6046296296296296 0.23055555555555557 0.6064814814814815 0.23055555555555557 0.6074074074074074 0.2298611111111111 0.6074074074074074 0.22916666666666666 0.6083333333333333 0.22847222222222222 0.6083333333333333 0.2263888888888889 0.6101851851851852 0.225 0.6111111111111112 0.225 0.612037037037037 0.22430555555555556 0.612037037037037 0.22361111111111112 0.6111111111111112 0.22291666666666668 0.6101851851851852 0.22291666666666668 0.6092592592592593 0.2222222222222222 0.6092592592592593 0.21944444444444444 0.6101851851851852 0.21875 0.6111111111111112 0.21875 0.6129629629629629 0.22013888888888888 0.6129629629629629 0.2222222222222222 0.6138888888888889 0.22291666666666668 0.6157407407407407 0.22291666666666668 0.6166666666666667 0.22361111111111112 0.6166666666666667 0.2263888888888889 0.6157407407407407 0.22708333333333333 0.6157407407407407 0.22847222222222222 0.6166666666666667 0.22916666666666666 0.6166666666666667 0.23125 0.6175925925925926 0.23194444444444445 0.6175925925925926 0.2326388888888889 0.6185185185185185 0.23333333333333334 0.6185185185185185 0.23402777777777778 0.6212962962962963 0.2361111111111111 0.6212962962962963 0.23958333333333334 0.6203703703703703 0.24027777777777778 0.6203703703703703 0.24305555555555555 0.6194444444444445 0.24375 0.6194444444444445 0.25069444444444444 0.6203703703703703 0.2513888888888889 0.6203703703703703 0.24375 0.6212962962962963 0.24305555555555555 0.6212962962962963 0.2423611111111111 0.6222222222222222 0.24166666666666667 0.6231481481481481 0.24166666666666667 0.6240740740740741 0.2423611111111111 0.6240740740740741 0.24861111111111112 0.625 0.24930555555555556 0.625 0.2548611111111111 0.6259259259259259 0.25555555555555554 0.6259259259259259 0.26458333333333334 0.6268518518518519 0.2652777777777778 0.6287037037037037 0.2638888888888889 0.6287037037037037 0.2625 0.6314814814814815 0.2604166666666667 0.6314814814814815 0.2590277777777778 0.6333333333333333 0.25763888888888886 0.6351851851851852 0.25763888888888886 0.6370370370370371 0.2590277777777778 0.6370370370370371 0.25972222222222224 0.637962962962963 0.2604166666666667 0.6398148148148148 0.2604166666666667 0.6398148148148148 0.25972222222222224 0.6416666666666667 0.25833333333333336 0.6425925925925926 0.25833333333333336 0.6435185185185185 0.2590277777777778 0.6435185185185185 0.2604166666666667 0.6416666666666667 0.26180555555555557 0.6416666666666667 0.2638888888888889 0.6425925925925926 0.2638888888888889 0.6435185185185185 0.26458333333333334 0.6435185185185185 0.2652777777777778 0.6444444444444445 0.2659722222222222 0.6444444444444445 0.26805555555555555 0.6453703703703704 0.26875 0.6453703703703704 0.2708333333333333 0.6444444444444445 0.27152777777777776 0.6444444444444445 0.27708333333333335 0.6425925925925926 0.27847222222222223 0.6425925925925926 0.2798611111111111 0.6407407407407407 0.28125 0.637962962962963 0.28125 0.6370370370370371 0.28194444444444444 0.6361111111111111 0.28194444444444444 0.6351851851851852 0.2826388888888889 0.6333333333333333 0.2826388888888889 0.6324074074074074 0.28194444444444444 0.6314814814814815 0.28194444444444444 0.6305555555555555 0.28125 0.6287037037037037 0.28125 0.6277777777777778 0.28194444444444444 0.6268518518518519 0.28194444444444444 0.6259259259259259 0.28125 0.6259259259259259 0.28055555555555556 0.625 0.28055555555555556 0.625 0.28125 0.6240740740740741 0.28194444444444444 0.6240740740740741 0.2881944444444444 0.625 0.28888888888888886 0.625 0.29375 0.6259259259259259 0.29444444444444445 0.6259259259259259 0.29583333333333334 0.6268518518518519 0.2951388888888889 0.6277777777777778 0.2951388888888889 0.6296296296296297 0.29375 0.6351851851851852 0.29375 0.6361111111111111 0.29305555555555557 0.6398148148148148 0.29305555555555557 0.6416666666666667 0.29444444444444445 0.6425925925925926 0.29444444444444445 0.6435185185185185 0.2951388888888889 0.6444444444444445 0.2951388888888889 0.6462962962962963 0.2965277777777778 0.6462962962962963 0.2986111111111111 0.6472222222222223 0.29930555555555555 0.6472222222222223 0.3013888888888889 0.6481481481481481 0.3020833333333333 0.6481481481481481 0.30277777777777776 0.6472222222222223 0.3034722222222222 0.6472222222222223 0.3104166666666667 0.6481481481481481 0.3111111111111111 0.6481481481481481 0.31319444444444444 0.649074074074074 0.3138888888888889 0.649074074074074 0.31875 0.65 0.3194444444444444 0.65 0.3215277777777778 0.6509259259259259 0.32222222222222224 0.65 0.3229166666666667 0.65 0.3263888888888889 0.6509259259259259 0.32708333333333334 0.6509259259259259 0.3277777777777778 0.6518518518518519 0.3284722222222222 0.6518518518518519 0.34444444444444444 0.6527777777777778 0.3451388888888889 0.6527777777777778 0.4013888888888889 0.6518518518518519 0.40208333333333335 0.6518518518518519 0.40347222222222223 0.6527777777777778 0.4041666666666667 0.6527777777777778 0.40625 0.6537037037037037 0.40694444444444444 0.6537037037037037 0.4166666666666667 0.6546296296296297 0.4173611111111111 0.6546296296296297 0.4354166666666667 0.6555555555555556 0.4361111111111111 0.6555555555555556 0.44513888888888886 0.6583333333333333 0.44722222222222224 0.6601851851851852 0.44722222222222224 0.6611111111111111 0.4479166666666667 0.662962962962963 0.4479166666666667 0.6638888888888889 0.44722222222222224 0.6685185185185185 0.44722222222222224 0.6712962962962963 0.44930555555555557 0.6712962962962963 0.45069444444444445 0.6722222222222223 0.4513888888888889 0.6722222222222223 0.4527777777777778 0.6731481481481482 0.4534722222222222 0.6731481481481482 0.4576388888888889 0.674074074074074 0.4583333333333333 0.674074074074074 0.4673611111111111 0.675 0.46805555555555556 0.675 0.47708333333333336 0.6759259259259259 0.4777777777777778 0.6759259259259259 0.48541666666666666 0.6768518518518518 0.4861111111111111 0.6768518518518518 0.49583333333333335 0.6777777777777778 0.4965277777777778 0.6777777777777778 0.5194444444444445 0.6787037037037037 0.5201388888888889 0.6787037037037037 0.5375 0.6768518518518518 0.5388888888888889 0.675 0.5388888888888889 0.675 0.5395833333333333 0.6768518518518518 0.5395833333333333 0.6796296296296296 0.5416666666666666 0.6796296296296296 0.5430555555555555 0.6805555555555556 0.54375 0.6805555555555556 0.5486111111111112 0.6787037037037037 0.55 0.6777777777777778 0.55 0.6768518518518518 0.5506944444444445 0.662962962962963 0.5506944444444445 0.6620370370370371 0.55 0.6601851851851852 0.55 0.6592592592592592 0.5506944444444445 0.6361111111111111 0.5506944444444445 0.6361111111111111 0.5513888888888889 0.6351851851851852 0.5520833333333334 0.6351851851851852 0.5527777777777778 0.6370370370370371 0.5527777777777778 0.637962962962963 0.5534722222222223 0.6398148148148148 0.5534722222222223 0.6407407407407407 0.5527777777777778 0.6425925925925926 0.5527777777777778 0.6435185185185185 0.5520833333333334 0.6518518518518519 0.5520833333333334 0.6527777777777778 0.5513888888888889 0.6546296296296297 0.5513888888888889 0.6564814814814814 0.5527777777777778 0.6574074074074074 0.5527777777777778 0.6583333333333333 0.5534722222222223 0.6592592592592592 0.5534722222222223 0.6601851851851852 0.5527777777777778 0.6620370370370371 0.5527777777777778 0.662962962962963 0.5534722222222223 0.6675925925925926 0.5534722222222223 0.6685185185185185 0.5541666666666667 0.6712962962962963 0.5541666666666667 0.6722222222222223 0.5534722222222223 0.6731481481481482 0.5534722222222223 0.674074074074074 0.5541666666666667 0.6759259259259259 0.5541666666666667 0.6777777777777778 0.5555555555555556 0.6777777777777778 0.5569444444444445 0.6787037037037037 0.5576388888888889 0.6787037037037037 0.5638888888888889 0.6777777777777778 0.5645833333333333 0.6777777777777778 0.5652777777777778 0.6787037037037037 0.5659722222222222 0.6787037037037037 0.5756944444444444 0.6796296296296296 0.5763888888888888 0.6796296296296296 0.5784722222222223 0.6805555555555556 0.5791666666666667 0.6805555555555556 0.5826388888888889 0.6814814814814815 0.5833333333333334 0.6814814814814815 0.5854166666666667 0.6824074074074075 0.5861111111111111 0.6824074074074075 0.5958333333333333 0.6833333333333333 0.5965277777777778 0.6833333333333333 0.6097222222222223 0.6842592592592592 0.6104166666666667 0.6842592592592592 0.6215277777777778 0.6851851851851852 0.6222222222222222 0.6851851851851852 0.6243055555555556 0.6842592592592592 0.625 0.6842592592592592 0.6270833333333333 0.6851851851851852 0.6277777777777778 0.6851851851851852 0.6423611111111112 0.6861111111111111 0.6430555555555556 0.6861111111111111 0.6479166666666667 0.6851851851851852 0.6486111111111111 0.6851851851851852 0.6493055555555556 0.6842592592592592 0.65 0.6833333333333333 0.65 0.6824074074074075 0.6506944444444445 0.6824074074074075 0.65625 0.6833333333333333 0.6569444444444444 0.6833333333333333 0.6576388888888889 0.6842592592592592 0.6583333333333333 0.6833333333333333 0.6590277777777778 0.6833333333333333 0.6604166666666667 0.6824074074074075 0.6611111111111111 0.6824074074074075 0.6743055555555556 0.6833333333333333 0.675 0.6833333333333333 0.6777777777777778 0.6842592592592592 0.6784722222222223 0.6842592592592592 0.6798611111111111 0.6851851851851852 0.6805555555555556 0.6842592592592592 0.68125 0.6824074074074075 0.68125 0.6842592592592592 0.6826388888888889 0.6842592592592592 0.6833333333333333 0.6851851851851852 0.6840277777777778 0.6851851851851852 0.6847222222222222 0.6861111111111111 0.6854166666666667 0.6861111111111111 0.6861111111111111 0.687037037037037 0.6868055555555556 0.687037037037037 0.6881944444444444 0.687962962962963 0.6888888888888889 0.687962962962963 0.6930555555555555 0.6888888888888889 0.69375 0.6888888888888889 0.6965277777777777 0.6898148148148148 0.6972222222222222 0.6898148148148148 0.7041666666666667 0.6907407407407408 0.7048611111111112 0.6907407407407408 0.725 0.6916666666666667 0.7256944444444444 0.6916666666666667 0.7395833333333334 0.6925925925925925 0.7402777777777778 0.6925925925925925 0.7527777777777778 0.6935185185185185 0.7534722222222222 0.6935185185185185 0.7680555555555556 0.6944444444444444 0.76875 0.6944444444444444 0.7875 0.6953703703703704 0.7881944444444444 0.6953703703703704 0.8020833333333334 0.6962962962962963 0.8027777777777778 0.6962962962962963 0.8180555555555555 0.6972222222222222 0.81875 0.6972222222222222 0.8277777777777777 0.6981481481481482 0.8284722222222223 0.6981481481481482 0.8381944444444445 0.6990740740740741 0.8388888888888889 0.6990740740740741 0.8548611111111111 0.7 0.8555555555555555 0.7 0.8756944444444444 0.700925925925926 0.8763888888888889 0.700925925925926 0.8861111111111111 0.7018518518518518 0.8868055555555555 0.7018518518518518 0.9090277777777778 0.7027777777777777 0.9097222222222222 0.7027777777777777 0.9416666666666667 0.7037037037037037 0.9423611111111111 0.7037037037037037 0.9638888888888889 0.7046296296296296 0.9645833333333333 0.7046296296296296 0.9833333333333333 0.7055555555555556 0.9840277777777777 0.7055555555555556 0.9847222222222223 0.7064814814814815 0.9854166666666667 0.7064814814814815 0.9861111111111112 0.7074074074074074 0.9868055555555556 0.7074074074074074 0.9902777777777778 0.7046296296296296 0.9923611111111111 0.7037037037037037 0.9923611111111111 0.7027777777777777 0.9930555555555556 0.7018518518518518 0.9930555555555556 0.7 0.9944444444444445 0.6972222222222222 0.9944444444444445 0.6962962962962963 0.9951388888888889 0.6944444444444444 0.9951388888888889 0.6935185185185185 0.9958333333333333 0.687962962962963 0.9958333333333333 0.6851851851851852 0.99375 0.6833333333333333 0.99375 0.6824074074074075 0.9944444444444445 0.6805555555555556 0.9944444444444445 0.6796296296296296 0.99375 0.675 0.99375 0.674074074074074 0.9944444444444445 0.6722222222222223 0.9930555555555556 0.6712962962962963 0.9930555555555556 0.6703703703703704 0.9923611111111111 0.6685185185185185 0.9923611111111111 0.6675925925925926 0.9916666666666667 0.6666666666666666 0.9916666666666667 0.6657407407407407 0.9909722222222223 0.662962962962963 0.9909722222222223 0.6620370370370371 0.9902777777777778 0.6601851851851852 0.9902777777777778 0.6592592592592592 0.9895833333333334 0.6583333333333333 0.9895833333333334 0.6555555555555556 0.9875 0.6555555555555556 0.9868055555555556 0.6546296296296297 0.9861111111111112 0.6546296296296297 0.9854166666666667 0.6537037037037037 0.9847222222222223 0.6537037037037037 0.9833333333333333 0.6527777777777778 0.9826388888888888 0.6527777777777778 0.9819444444444444 0.6472222222222223 0.9777777777777777 0.6472222222222223 0.9770833333333333 0.6462962962962963 0.9763888888888889 0.6462962962962963 0.9756944444444444 0.6398148148148148 0.9708333333333333 0.6398148148148148 0.9701388888888889 0.6388888888888888 0.9694444444444444 0.6388888888888888 0.96875 0.637962962962963 0.9680555555555556 0.637962962962963 0.9666666666666667 0.6370370370370371 0.9659722222222222 0.6351851851851852 0.9659722222222222 0.6314814814814815 0.9631944444444445 0.6314814814814815 0.9618055555555556 0.6314814814814815 0.9826388888888888 0.6324074074074074 0.9833333333333333 0.6324074074074074 0.9895833333333334 0.6342592592592593 0.9895833333333334 0.6361111111111111 0.9909722222222223 0.6361111111111111 0.9916666666666667 0.637962962962963 0.9930555555555556 0.637962962962963 0.99375 0.6388888888888888 0.99375 0.6398148148148148 0.9944444444444445 0.6416666666666667 0.9944444444444445 0.6425925925925926 0.9951388888888889 0.6435185185185185 0.9951388888888889 0.6453703703703704 0.9965277777777778 0.6462962962962963 0.9965277777777778 0.6481481481481481 0.9979166666666667 0.6481481481481481 0.9993055555555556 0.775 0.9993055555555556 0.775 0.9972222222222222 0.7777777777777778 0.9951388888888889 0.7777777777777778 0.9916666666666667 0.7768518518518519 0.9909722222222223 0.7768518518518519 0.9902777777777778 0.7759259259259259 0.9895833333333334 0.7759259259259259 0.9881944444444445 0.775 0.9875 0.775 0.9868055555555556 0.7731481481481481 0.9854166666666667 0.7722222222222223 0.9854166666666667 0.7712962962962963 0.9847222222222223 0.7685185185185185 0.9847222222222223 0.7675925925925926 0.9840277777777777 0.7666666666666667 0.9840277777777777 0.7657407407407407 0.9833333333333333 0.7648148148148148 0.9833333333333333 0.762962962962963 0.9819444444444444 0.762962962962963 0.98125 0.7620370370370371 0.9805555555555555 0.7620370370370371 0.9777777777777777 0.762962962962963 0.9770833333333333 0.762962962962963 0.9541666666666667 0.7620370370370371 0.9534722222222223 0.7620370370370371 0.95 0.7611111111111111 0.9493055555555555 0.7611111111111111 0.9326388888888889 0.7601851851851852 0.9319444444444445 0.7601851851851852 0.9173611111111111 0.7592592592592593 0.9166666666666666 0.7592592592592593 0.9138888888888889 0.7601851851851852 0.9131944444444444 0.7601851851851852 0.9034722222222222 0.7592592592592593 0.9027777777777778 0.7592592592592593 0.89375 0.7583333333333333 0.8930555555555556 0.7583333333333333 0.8916666666666667 0.7592592592592593 0.8909722222222223 0.7592592592592593 0.8881944444444444 0.7583333333333333 0.8875 0.7583333333333333 0.8861111111111111 0.7574074074074074 0.8854166666666666 0.7574074074074074 0.8763888888888889 0.7564814814814815 0.8756944444444444 0.7564814814814815 0.8729166666666667 0.7555555555555555 0.8722222222222222 0.7555555555555555 0.8708333333333333 0.7546296296296297 0.8701388888888889 0.7546296296296297 0.86875 0.7537037037037037 0.8680555555555556 0.7537037037037037 0.8645833333333334 0.7527777777777778 0.8638888888888889 0.7527777777777778 0.8590277777777777 0.7537037037037037 0.8583333333333333 0.7537037037037037 0.8569444444444444 0.7518518518518519 0.8555555555555555 0.7518518518518519 0.8541666666666666 0.7509259259259259 0.8534722222222222 0.7509259259259259 0.8236111111111111 0.75 0.8229166666666666 0.75 0.8208333333333333 0.7509259259259259 0.8201388888888889 0.7509259259259259 0.8166666666666667 0.75 0.8159722222222222 0.75 0.8125 0.7509259259259259 0.8118055555555556 0.7509259259259259 0.8090277777777778 0.75 0.8083333333333333 0.75 0.8034722222222223 0.7509259259259259 0.8027777777777778 0.75 0.8020833333333334 0.75 0.7965277777777777 0.7518518518518519 0.7951388888888888 0.7518518518518519 0.79375 0.7509259259259259 0.7930555555555555 0.7509259259259259 0.7916666666666666 0.75 0.7909722222222222 0.75 0.7881944444444444 0.7509259259259259 0.7875 0.7509259259259259 0.7868055555555555 0.75 0.7861111111111111 0.75 0.7847222222222222 0.7490740740740741 0.7840277777777778 0.7490740740740741 0.7819444444444444 0.75 0.78125 0.75 0.7784722222222222 0.7481481481481481 0.7770833333333333 0.7481481481481481 0.775 0.7472222222222222 0.7743055555555556 0.7472222222222222 0.7729166666666667 0.7462962962962963 0.7722222222222223 0.7462962962962963 0.76875 0.7472222222222222 0.7680555555555556 0.7472222222222222 0.7645833333333333 0.7462962962962963 0.7638888888888888 0.7462962962962963 0.7611111111111111 0.7453703703703703 0.7604166666666666 0.7453703703703703 0.7583333333333333 0.7444444444444445 0.7576388888888889 0.7444444444444445 0.7520833333333333 0.7435185185185185 0.7513888888888889 0.7435185185185185 0.7472222222222222 0.7425925925925926 0.7465277777777778 0.7425925925925926 0.7388888888888889 0.7416666666666667 0.7381944444444445 0.7416666666666667 0.7333333333333333 0.7425925925925926 0.7326388888888888 0.7416666666666667 0.7319444444444444 0.7416666666666667 0.7263888888888889 0.7407407407407407 0.7256944444444444 0.7407407407407407 0.7145833333333333 0.7398148148148148 0.7138888888888889 0.7398148148148148 0.7111111111111111 0.7388888888888889 0.7104166666666667 0.7388888888888889 0.7034722222222223 0.7398148148148148 0.7027777777777777 0.7398148148148148 0.7020833333333333 0.7407407407407407 0.7013888888888888 0.7407407407407407 0.7 0.7398148148148148 0.6993055555555555 0.7398148148148148 0.6972222222222222 0.7388888888888889 0.6965277777777777 0.7388888888888889 0.6930555555555555 0.7379629629629629 0.6923611111111111 0.7388888888888889 0.6916666666666667 0.7388888888888889 0.6888888888888889 0.7435185185185185 0.6854166666666667 0.7435185185185185 0.6833333333333333 0.7425925925925926 0.6826388888888889 0.7425925925925926 0.6819444444444445 0.7435185185185185 0.68125 0.7472222222222222 0.68125 0.75 0.6833333333333333 0.75 0.6847222222222222 0.7509259259259259 0.6854166666666667 0.7509259259259259 0.6861111111111111 0.7518518518518519 0.6854166666666667 0.7518518518518519 0.6819444444444445 0.7564814814814815 0.6784722222222223 0.7564814814814815 0.6777777777777778 0.7574074074074074 0.6770833333333334 0.7574074074074074 0.6722222222222223 0.7555555555555555 0.6708333333333333 0.7555555555555555 0.6701388888888888 0.7546296296296297 0.6701388888888888 0.7527777777777778 0.66875 0.7518518518518519 0.66875 0.7509259259259259 0.6680555555555555 0.7472222222222222 0.6680555555555555 0.7462962962962963 0.6673611111111111 0.7453703703703703 0.6673611111111111 0.7444444444444445 0.6666666666666666 0.7425925925925926 0.6666666666666666 0.7407407407407407 0.6652777777777777 0.7398148148148148 0.6652777777777777 0.7388888888888889 0.6645833333333333 0.737037037037037 0.6645833333333333 0.7351851851851852 0.6631944444444444 0.7342592592592593 0.6631944444444444 0.7324074074074074 0.6618055555555555 0.7324074074074074 0.6597222222222222 0.7333333333333333 0.6590277777777778 0.7333333333333333 0.65625 0.7342592592592593 0.6555555555555556 0.7342592592592593 0.6361111111111111 0.7333333333333333 0.6354166666666666 0.7333333333333333 0.6263888888888889 0.7342592592592593 0.6256944444444444 0.7342592592592593 0.6215277777777778 0.7333333333333333 0.6208333333333333 0.7333333333333333 0.6097222222222223 0.7324074074074074 0.6090277777777777 0.7324074074074074 0.6048611111111111 0.7314814814814815 0.6041666666666666 0.7314814814814815 0.6006944444444444 0.7305555555555555 0.6 0.7305555555555555 0.5993055555555555 0.7314814814814815 0.5986111111111111 0.7314814814814815 0.5965277777777778 0.7324074074074074 0.5958333333333333 0.7324074074074074 0.5944444444444444 0.7314814814814815 0.59375 0.7314814814814815 0.5881944444444445 0.7305555555555555 0.5875 0.7305555555555555 0.5861111111111111 0.7296296296296296 0.5854166666666667 0.7296296296296296 0.5784722222222223 0.7287037037037037 0.5777777777777777 0.7287037037037037 0.575 0.7277777777777777 0.5743055555555555 0.7277777777777777 0.5729166666666666 0.7268518518518519 0.5722222222222222 0.7268518518518519 0.5701388888888889 0.7277777777777777 0.5694444444444444 0.7277777777777777 0.5673611111111111 0.7268518518518519 0.5666666666666667 0.7268518518518519 0.5590277777777778 0.725925925925926 0.5583333333333333 0.725925925925926 0.5555555555555556 0.7268518518518519 0.5548611111111111 0.7268518518518519 0.5534722222222223 0.7277777777777777 0.5527777777777778 0.7277777777777777 0.54375 0.7268518518518519 0.5430555555555555 0.7268518518518519 0.5423611111111111 0.725925925925926 0.5416666666666666 0.725925925925926 0.5409722222222222 0.7240740740740741 0.5395833333333333 0.7231481481481481 0.5395833333333333 0.7222222222222222 0.5388888888888889 0.7212962962962963 0.5388888888888889 0.7194444444444444 0.5375 0.7194444444444444 0.53125 0.7203703703703703 0.5305555555555556 0.7203703703703703 0.5291666666666667 0.7212962962962963 0.5284722222222222 0.7203703703703703 0.5277777777777778 0.7203703703703703 0.5263888888888889 0.7194444444444444 0.5256944444444445 0.7194444444444444 0.51875 0.7185185185185186 0.5180555555555556 0.7185185185185186 0.5111111111111111 0.7175925925925926 0.5104166666666666 0.7175925925925926 0.5020833333333333 0.7166666666666667 0.5013888888888889 0.7166666666666667 0.49930555555555556 0.7157407407407408 0.4986111111111111 0.7157407407407408 0.49444444444444446 0.7148148148148148 0.49375 0.7148148148148148 0.49027777777777776 0.7138888888888889 0.4895833333333333 0.7138888888888889 0.48125 0.7129629629629629 0.48055555555555557 0.7129629629629629 0.4756944444444444 0.712037037037037 0.475 0.712037037037037 0.46458333333333335 0.7111111111111111 0.4638888888888889 0.7111111111111111 0.4534722222222222 0.7101851851851851 0.4527777777777778 0.7101851851851851 0.44375 0.7092592592592593 0.44305555555555554 0.7092592592592593 0.4340277777777778 0.7083333333333334 0.43333333333333335 0.7083333333333334 0.4284722222222222 0.7074074074074074 0.42777777777777776 0.7074074074074074 0.4173611111111111 0.7064814814814815 0.4166666666666667 0.7064814814814815 0.4041666666666667 0.7055555555555556 0.40347222222222223 0.7055555555555556 0.39444444444444443 0.7046296296296296 0.39375 0.7046296296296296 0.37916666666666665 0.7037037037037037 0.3784722222222222 0.7037037037037037 0.3625 0.7027777777777777 0.36180555555555555 0.7027777777777777 0.3458333333333333 0.7018518518518518 0.3451388888888889 0.7018518518518518 0.3277777777777778 0.700925925925926 0.32708333333333334 0.700925925925926 0.32430555555555557 0.7 0.3236111111111111 0.7 0.3215277777777778 0.6990740740740741 0.32083333333333336 0.6990740740740741 0.31527777777777777 0.6981481481481482 0.3145833333333333 0.6981481481481482 0.30833333333333335 0.6972222222222222 0.3076388888888889 0.6972222222222222 0.30694444444444446 0.6962962962962963 0.30625 0.6962962962962963 0.3055555555555556 0.6972222222222222 0.30486111111111114 0.6972222222222222 0.3013888888888889 0.6962962962962963 0.30069444444444443 0.6962962962962963 0.3 0.6953703703703704 0.29930555555555555 0.6953703703703704 0.29583333333333334 0.6962962962962963 0.2951388888888889 0.6953703703703704 0.29444444444444445 0.6953703703703704 0.2916666666666667 0.6944444444444444 0.29097222222222224 0.6944444444444444 0.28958333333333336 0.6953703703703704 0.28888888888888886 0.6953703703703704 0.2847222222222222 0.6944444444444444 0.28402777777777777 0.6944444444444444 0.2798611111111111 0.6953703703703704 0.2791666666666667 0.6944444444444444 0.27847222222222223 0.6944444444444444 0.26180555555555557 0.6935185185185185 0.2611111111111111 0.6935185185185185 0.23541666666666666 0.6944444444444444 0.23472222222222222 0.6944444444444444 0.22708333333333333 0.6953703703703704 0.2263888888888889 0.6953703703703704 0.225 0.6962962962962963 0.22430555555555556 0.6962962962962963 0.21875 0.6972222222222222 0.21805555555555556 0.6972222222222222 0.21388888888888888 0.6981481481481482 0.21319444444444444 0.6981481481481482 0.2125 0.6990740740740741 0.21180555555555555 0.6990740740740741 0.2111111111111111 0.7 0.21041666666666667 0.7 0.20069444444444445 0.6990740740740741 0.2 0.6981481481481482 0.2 0.6953703703703704 0.19791666666666666 0.6953703703703704 0.19236111111111112 0.6944444444444444 0.19166666666666668 0.6944444444444444 0.1736111111111111 0.6935185185185185 0.17291666666666666 0.6935185185185185 0.1638888888888889 0.6925925925925925 0.16319444444444445 0.6925925925925925 0.15902777777777777 0.6935185185185185 0.15833333333333333 0.6935185185185185 0.15763888888888888 0.6925925925925925 0.15694444444444444 0.6925925925925925 0.14791666666666667 0.6916666666666667 0.14722222222222223 0.6916666666666667 0.14097222222222222 0.6907407407407408 0.14027777777777778 0.6907407407407408 0.1375 0.6898148148148148 0.13680555555555557 0.6898148148148148 0.1361111111111111 0.687962962962963 0.13472222222222222 0.687962962962963 0.13402777777777777 0.6888888888888889 0.13333333333333333 0.6888888888888889 0.1326388888888889 0.6898148148148148 0.13194444444444445 0.6898148148148148 0.12916666666666668 0.6888888888888889 0.1284722222222222 0.6888888888888889 0.12777777777777777 0.687962962962963 0.12708333333333333 0.687962962962963 0.12569444444444444 0.6888888888888889 0.125 0.6888888888888889 0.12083333333333333 0.687962962962963 0.12013888888888889 0.687962962962963 0.11805555555555555 0.6888888888888889 0.11736111111111111 0.6888888888888889 0.11597222222222223 0.6898148148148148 0.11527777777777778 0.6898148148148148 0.1125 0.6907407407407408 0.11180555555555556 0.6907407407407408 0.1111111111111111 0.6916666666666667 0.11041666666666666 0.6916666666666667 0.10486111111111111 0.6925925925925925 0.10416666666666667 0.6925925925925925 0.10069444444444445 0.6916666666666667 0.1 0.6916666666666667 0.09652777777777778 0.6907407407407408 0.09583333333333334 0.6907407407407408 0.09444444444444444 0.6898148148148148 0.09375 0.6898148148148148 0.09236111111111112 0.6888888888888889 0.09166666666666666 0.6888888888888889 0.08958333333333333 0.687962962962963 0.08888888888888889 0.687962962962963 0.08541666666666667 0.687037037037037 0.08472222222222223 0.687037037037037 0.07152777777777777 0.6861111111111111 0.07083333333333333 0.6861111111111111 0.05416666666666667 0.6851851851851852 0.05347222222222222 0.6851851851851852 0.05 0.6861111111111111 0.049305555555555554 0.6861111111111111 0.04027777777777778 0.687037037037037 0.03958333333333333 0.687037037037037 0.03888888888888889 0.687962962962963 0.03819444444444445 0.687962962962963 0.0375 0.6888888888888889 0.03680555555555556 0.6888888888888889 0.034722222222222224 0.6898148148148148 0.034027777777777775 0.6898148148148148 0.025694444444444443 0.6888888888888889 0.025 0.6888888888888889 0.02361111111111111 0.687037037037037 0.022222222222222223 0.6861111111111111 0.022222222222222223 0.6851851851851852 0.021527777777777778 0.6833333333333333 0.021527777777777778 0.6824074074074075 0.020833333333333332