0 0.587037037037037 0.2916666666666667 0.5851851851851851 0.29305555555555557 0.5833333333333334 0.29305555555555557 0.5824074074074074 0.29375 0.5814814814814815 0.29375 0.5805555555555556 0.29444444444444445 0.5796296296296296 0.29444444444444445 0.5787037037037037 0.2951388888888889 0.5768518518518518 0.2951388888888889 0.575 0.2965277777777778 0.5740740740740741 0.2965277777777778 0.5731481481481482 0.2972222222222222 0.5712962962962963 0.2972222222222222 0.5703703703703704 0.29791666666666666 0.5703703703703704 0.2986111111111111 0.5694444444444444 0.29930555555555555 0.5694444444444444 0.30069444444444443 0.5685185185185185 0.3013888888888889 0.5657407407407408 0.3013888888888889 0.5648148148148148 0.3020833333333333 0.5638888888888889 0.3020833333333333 0.5638888888888889 0.30277777777777776 0.5685185185185185 0.30277777777777776 0.5685185185185185 0.3020833333333333 0.5703703703703704 0.30069444444444443 0.5722222222222222 0.30069444444444443 0.5731481481481482 0.3 0.575 0.3 0.575925925925926 0.29930555555555555 0.5787037037037037 0.29930555555555555 0.5796296296296296 0.2986111111111111 0.5805555555555556 0.2986111111111111 0.5842592592592593 0.29583333333333334 0.5851851851851851 0.29583333333333334 0.5861111111111111 0.2951388888888889 0.587037037037037 0.2951388888888889 0.5879629629629629 0.29444444444444445 0.5898148148148148 0.29444444444444445 0.5907407407407408 0.29375 0.5907407407407408 0.29305555555555557 0.5888888888888889 0.2916666666666667
0 0.5944444444444444 0.28958333333333336 0.5935185185185186 0.2902777777777778 0.5944444444444444 0.29097222222222224 0.5953703703703703 0.29097222222222224 0.5962962962962963 0.2902777777777778 0.5962962962962963 0.28958333333333336
0 0.6027777777777777 0.28541666666666665 0.6018518518518519 0.2861111111111111 0.600925925925926 0.2861111111111111 0.6 0.28680555555555554 0.6 0.2875 0.6018518518518519 0.28888888888888886 0.6027777777777777 0.28888888888888886 0.6046296296296296 0.2875 0.6055555555555555 0.2875 0.6074074074074074 0.2861111111111111 0.6064814814814815 0.2861111111111111 0.6055555555555555 0.28541666666666665
0 0.6175925925925926 0.28194444444444444 0.6166666666666667 0.2826388888888889 0.6157407407407407 0.2826388888888889 0.6157407407407407 0.2833333333333333 0.6194444444444445 0.2833333333333333 0.6203703703703703 0.2826388888888889 0.6194444444444445 0.28194444444444444
0 0.4444444444444444 0.22569444444444445 0.44351851851851853 0.2263888888888889 0.4425925925925926 0.2263888888888889 0.44166666666666665 0.22708333333333333 0.4388888888888889 0.22708333333333333 0.43425925925925923 0.23055555555555557 0.43425925925925923 0.23125 0.42685185185185187 0.23680555555555555 0.42314814814814816 0.23680555555555555 0.4212962962962963 0.23819444444444443 0.41944444444444445 0.23819444444444443 0.4185185185185185 0.2388888888888889 0.41759259259259257 0.2388888888888889 0.41574074074074074 0.24027777777777778 0.41203703703703703 0.24027777777777778 0.4111111111111111 0.24097222222222223 0.4101851851851852 0.24097222222222223 0.40925925925925927 0.24166666666666667 0.4083333333333333 0.24166666666666667 0.4074074074074074 0.2423611111111111 0.4064814814814815 0.2423611111111111 0.40370370370370373 0.24444444444444444 0.40370370370370373 0.24513888888888888 0.4027777777777778 0.24583333333333332 0.4027777777777778 0.25 0.40370370370370373 0.25069444444444444 0.40370370370370373 0.2520833333333333 0.4046296296296296 0.25277777777777777 0.4046296296296296 0.25416666666666665 0.4064814814814815 0.25555555555555554 0.4074074074074074 0.25555555555555554 0.4083333333333333 0.25625 0.412962962962963 0.25625 0.41388888888888886 0.25555555555555554 0.4148148148148148 0.25555555555555554 0.41574074074074074 0.2548611111111111 0.41944444444444445 0.2548611111111111 0.41944444444444445 0.2534722222222222 0.4222222222222222 0.2513888888888889 0.42314814814814816 0.2513888888888889 0.42314814814814816 0.25069444444444444 0.42592592592592593 0.24861111111111112 0.42685185185185187 0.24861111111111112 0.4305555555555556 0.24583333333333332 0.43333333333333335 0.24583333333333332 0.4351851851851852 0.24722222222222223 0.4361111111111111 0.24722222222222223 0.4388888888888889 0.24930555555555556 0.4388888888888889 0.25 0.4425925925925926 0.25277777777777777 0.4425925925925926 0.2534722222222222 0.44351851851851853 0.25416666666666665 0.44351851851851853 0.2548611111111111 0.4444444444444444 0.25555555555555554 0.4444444444444444 0.25625 0.44537037037037036 0.2569444444444444 0.44537037037037036 0.25763888888888886 0.4462962962962963 0.25833333333333336 0.4462962962962963 0.2604166666666667 0.44722222222222224 0.2611111111111111 0.44722222222222224 0.26180555555555557 0.44814814814814813 0.2625 0.44814814814814813 0.2638888888888889 0.44907407407407407 0.26458333333333334 0.44907407407407407 0.26666666666666666 0.45 0.2673611111111111 0.45 0.26875 0.45092592592592595 0.26944444444444443 0.45092592592592595 0.2701388888888889 0.45185185185185184 0.2708333333333333 0.45185185185185184 0.27152777777777776 0.4527777777777778 0.2722222222222222 0.4527777777777778 0.27291666666666664 0.4537037037037037 0.27361111111111114 0.4537037037037037 0.27569444444444446 0.4546296296296296 0.2763888888888889 0.4546296296296296 0.2777777777777778 0.45555555555555555 0.27847222222222223 0.45555555555555555 0.2791666666666667 0.4564814814814815 0.2798611111111111 0.4564814814814815 0.28055555555555556 0.45740740740740743 0.28125 0.45740740740740743 0.28194444444444444 0.4583333333333333 0.2826388888888889 0.4583333333333333 0.2847222222222222 0.45740740740740743 0.28541666666666665 0.4564814814814815 0.2847222222222222 0.4564814814814815 0.28402777777777777 0.45555555555555555 0.2833333333333333 0.45555555555555555 0.2826388888888889 0.4546296296296296 0.2826388888888889 0.4537037037037037 0.28194444444444444 0.4444444444444444 0.28194444444444444 0.44351851851851853 0.2826388888888889 0.44166666666666665 0.2826388888888889 0.44074074074074077 0.2833333333333333 0.4398148148148148 0.2833333333333333 0.4388888888888889 0.28402777777777777 0.4388888888888889 0.2847222222222222 0.43796296296296294 0.28541666666666665 0.43796296296296294 0.2861111111111111 0.43703703703703706 0.28680555555555554 0.43703703703703706 0.2881944444444444 0.4361111111111111 0.28888888888888886 0.4361111111111111 0.28958333333333336 0.4351851851851852 0.2902777777777778 0.4351851851851852 0.2916666666666667 0.43425925925925923 0.2923611111111111 0.43425925925925923 0.29444444444444445 0.43333333333333335 0.2951388888888889 0.43333333333333335 0.29583333333333334 0.4287037037037037 0.29930555555555555 0.4287037037037037 0.3020833333333333 0.42777777777777776 0.30277777777777776 0.42777777777777776 0.30416666666666664 0.42685185185185187 0.30486111111111114 0.42685185185185187 0.3055555555555556 0.42777777777777776 0.3055555555555556 0.42962962962962964 0.30416666666666664 0.43333333333333335 0.30416666666666664 0.43425925925925923 0.3034722222222222 0.44351851851851853 0.3034722222222222 0.4444444444444444 0.30277777777777776 0.44722222222222224 0.30277777777777776 0.44814814814814813 0.3020833333333333 0.44907407407407407 0.3020833333333333 0.45 0.3013888888888889 0.45092592592592595 0.3013888888888889 0.4537037037037037 0.29930555555555555 0.4546296296296296 0.29930555555555555 0.4564814814814815 0.29791666666666666 0.4564814814814815 0.2972222222222222 0.45740740740740743 0.2965277777777778 0.45740740740740743 0.29583333333333334 0.4583333333333333 0.2951388888888889 0.4583333333333333 0.28958333333333336 0.45925925925925926 0.28888888888888886 0.4601851851851852 0.28958333333333336 0.4601851851851852 0.29305555555555557 0.46111111111111114 0.29375 0.46111111111111114 0.29583333333333334 0.462037037037037 0.2965277777777778 0.462037037037037 0.29791666666666666 0.46296296296296297 0.2986111111111111 0.46296296296296297 0.29930555555555555 0.4638888888888889 0.3 0.4638888888888889 0.30069444444444443 0.4648148148148148 0.3013888888888889 0.4648148148148148 0.30277777777777776 0.46574074074074073 0.3034722222222222 0.46574074074074073 0.30416666666666664 0.4666666666666667 0.30486111111111114 0.4666666666666667 0.3055555555555556 0.4675925925925926 0.30625 0.4675925925925926 0.3076388888888889 0.4685185185185185 0.30833333333333335 0.4685185185185185 0.3104166666666667 0.46944444444444444 0.3111111111111111 0.46944444444444444 0.31180555555555556 0.4703703703703704 0.3125 0.4703703703703704 0.31319444444444444 0.4722222222222222 0.3145833333333333 0.4722222222222222 0.31527777777777777 0.47314814814814815 0.3159722222222222 0.47314814814814815 0.3173611111111111 0.4740740740740741 0.31805555555555554 0.4740740740740741 0.31875 0.47685185185185186 0.32083333333333336 0.47685185185185186 0.33055555555555555 0.475 0.33194444444444443 0.4740740740740741 0.33194444444444443 0.47314814814814815 0.3326388888888889 0.47314814814814815 0.3347222222222222 0.4759259259259259 0.3368055555555556 0.4759259259259259 0.3388888888888889 0.4787037037037037 0.34097222222222223 0.48055555555555557 0.34097222222222223 0.48148148148148145 0.3416666666666667 0.48703703703703705 0.3416666666666667 0.49074074074074076 0.34444444444444444 0.49074074074074076 0.3472222222222222 0.4898148148148148 0.34791666666666665 0.4898148148148148 0.35 0.4888888888888889 0.3506944444444444 0.4888888888888889 0.3527777777777778 0.487962962962963 0.35347222222222224 0.487962962962963 0.35694444444444445 0.48703703703703705 0.3576388888888889 0.48703703703703705 0.36666666666666664 0.4861111111111111 0.36736111111111114 0.4861111111111111 0.37569444444444444 0.48518518518518516 0.3763888888888889 0.48518518518518516 0.39791666666666664 0.4842592592592593 0.39861111111111114 0.4842592592592593 0.4111111111111111 0.48333333333333334 0.41180555555555554 0.48333333333333334 0.41597222222222224 0.4842592592592593 0.4166666666666667 0.4842592592592593 0.4215277777777778 0.48333333333333334 0.4222222222222222 0.48333333333333334 0.42569444444444443 0.4824074074074074 0.4263888888888889 0.4824074074074074 0.42986111111111114 0.48148148148148145 0.4305555555555556 0.48148148148148145 0.44027777777777777 0.48055555555555557 0.4409722222222222 0.48055555555555557 0.44583333333333336 0.47962962962962963 0.4465277777777778 0.47962962962962963 0.45208333333333334 0.4787037037037037 0.4527777777777778 0.4787037037037037 0.46875 0.4777777777777778 0.46944444444444444 0.4777777777777778 0.49166666666666664 0.47685185185185186 0.49236111111111114 0.47685185185185186 0.5118055555555555 0.4759259259259259 0.5125 0.4759259259259259 0.5159722222222223 0.47685185185185186 0.5166666666666667 0.47685185185185186 0.5173611111111112 0.4759259259259259 0.5180555555555556 0.4759259259259259 0.5340277777777778 0.475 0.5347222222222222 0.475 0.5430555555555555 0.4740740740740741 0.54375 0.4740740740740741 0.5576388888888889 0.47314814814814815 0.5583333333333333 0.47314814814814815 0.5694444444444444 0.4722222222222222 0.5701388888888889 0.4722222222222222 0.5736111111111111 0.47129629629629627 0.5743055555555555 0.47129629629629627 0.5840277777777778 0.4703703703703704 0.5847222222222223 0.4703703703703704 0.5923611111111111 0.46944444444444444 0.5930555555555556 0.46944444444444444 0.6041666666666666 0.4685185185185185 0.6048611111111111 0.4685185185185185 0.6145833333333334 0.4675925925925926 0.6152777777777778 0.4675925925925926 0.6256944444444444 0.4666666666666667 0.6263888888888889 0.4666666666666667 0.6347222222222222 0.46574074074074073 0.6354166666666666 0.46574074074074073 0.6423611111111112 0.4648148148148148 0.6430555555555556 0.4648148148148148 0.6493055555555556 0.4638888888888889 0.65 0.4638888888888889 0.65625 0.46296296296296297 0.6569444444444444 0.46296296296296297 0.6631944444444444 0.462037037037037 0.6638888888888889 0.462037037037037 0.675 0.46111111111111114 0.6756944444444445 0.46111111111111114 0.6854166666666667 0.4601851851851852 0.6861111111111111 0.4601851851851852 0.6916666666666667 0.45925925925925926 0.6923611111111111 0.45925925925925926 0.6993055555555555 0.4583333333333333 0.7 0.4583333333333333 0.7090277777777778 0.45740740740740743 0.7097222222222223 0.45740740740740743 0.7180555555555556 0.4564814814814815 0.71875 0.4564814814814815 0.7263888888888889 0.45555555555555555 0.7270833333333333 0.45555555555555555 0.7416666666666667 0.4546296296296296 0.7423611111111111 0.4546296296296296 0.7506944444444444 0.4537037037037037 0.7513888888888889 0.4537037037037037 0.7590277777777777 0.4527777777777778 0.7597222222222222 0.4527777777777778 0.7680555555555556 0.45185185185185184 0.76875 0.45185185185185184 0.7736111111111111 0.45092592592592595 0.7743055555555556 0.45092592592592595 0.7798611111111111 0.45 0.7805555555555556 0.45 0.7888888888888889 0.44907407407407407 0.7895833333333333 0.44907407407407407 0.7965277777777777 0.44814814814814813 0.7972222222222223 0.44814814814814813 0.8027777777777778 0.44722222222222224 0.8034722222222223 0.44722222222222224 0.8097222222222222 0.4462962962962963 0.8104166666666667 0.4462962962962963 0.8194444444444444 0.44537037037037036 0.8201388888888889 0.44537037037037036 0.8305555555555556 0.4444444444444444 0.83125 0.4444444444444444 0.8395833333333333 0.44351851851851853 0.8402777777777778 0.44351851851851853 0.8486111111111111 0.4425925925925926 0.8493055555555555 0.4425925925925926 0.8555555555555555 0.44166666666666665 0.85625 0.44166666666666665 0.86875 0.44074074074074077 0.8694444444444445 0.44074074074074077 0.8770833333333333 0.4398148148148148 0.8777777777777778 0.4398148148148148 0.8840277777777777 0.4388888888888889 0.8847222222222222 0.4388888888888889 0.8930555555555556 0.43796296296296294 0.89375 0.43796296296296294 0.9020833333333333 0.43703703703703706 0.9027777777777778 0.43703703703703706 0.9097222222222222 0.4361111111111111 0.9104166666666667 0.4361111111111111 0.9166666666666666 0.4351851851851852 0.9173611111111111 0.4351851851851852 0.93125 0.43425925925925923 0.9319444444444445 0.43425925925925923 0.9402777777777778 0.43333333333333335 0.9409722222222222 0.43333333333333335 0.9472222222222222 0.4324074074074074 0.9479166666666666 0.4324074074074074 0.9534722222222223 0.43148148148148147 0.9541666666666667 0.43148148148148147 0.9604166666666667 0.4305555555555556 0.9611111111111111 0.4305555555555556 0.9715277777777778 0.42962962962962964 0.9722222222222222 0.42962962962962964 0.9854166666666667 0.4287037037037037 0.9861111111111112 0.4287037037037037 0.9958333333333333 0.42777777777777776 0.9965277777777778 0.42777777777777776 0.9993055555555556 0.5675925925925925 0.9993055555555556 0.5675925925925925 0.9958333333333333 0.5666666666666667 0.9951388888888889 0.5666666666666667 0.9798611111111111 0.5657407407407408 0.9791666666666666 0.5657407407407408 0.9631944444444445 0.5648148148148148 0.9625 0.5648148148148148 0.94375 0.5638888888888889 0.9430555555555555 0.5638888888888889 0.9277777777777778 0.562962962962963 0.9270833333333334 0.562962962962963 0.9048611111111111 0.562037037037037 0.9041666666666667 0.562037037037037 0.8715277777777778 0.5611111111111111 0.8708333333333333 0.5611111111111111 0.8472222222222222 0.5601851851851852 0.8465277777777778 0.5601851851851852 0.8423611111111111 0.5611111111111111 0.8416666666666667 0.5611111111111111 0.8409722222222222 0.5601851851851852 0.8402777777777778 0.5601851851851852 0.8229166666666666 0.5592592592592592 0.8222222222222222 0.5592592592592592 0.8069444444444445 0.5583333333333333 0.80625 0.5583333333333333 0.7944444444444444 0.5574074074074075 0.79375 0.5574074074074075 0.7791666666666667 0.5564814814814815 0.7784722222222222 0.5564814814814815 0.7659722222222223 0.5555555555555556 0.7652777777777777 0.5555555555555556 0.75625 0.5546296296296296 0.7555555555555555 0.5546296296296296 0.7506944444444444 0.5555555555555556 0.75 0.5555555555555556 0.74375 0.5546296296296296 0.7430555555555556 0.5546296296296296 0.7277777777777777 0.5537037037037037 0.7270833333333333 0.5537037037037037 0.7083333333333334 0.5527777777777778 0.7076388888888889 0.5527777777777778 0.6902777777777778 0.5518518518518518 0.6895833333333333 0.5518518518518518 0.6743055555555556 0.5509259259259259 0.6736111111111112 0.5509259259259259 0.6729166666666667 0.5518518518518518 0.6722222222222223 0.5518518518518518 0.66875 0.5509259259259259 0.6680555555555555 0.5509259259259259 0.6534722222222222 0.55 0.6527777777777778 0.55 0.6375 0.549074074074074 0.6368055555555555 0.549074074074074 0.6229166666666667 0.5481481481481482 0.6222222222222222 0.5481481481481482 0.6055555555555555 0.5472222222222223 0.6048611111111111 0.5472222222222223 0.5958333333333333 0.5462962962962963 0.5951388888888889 0.5462962962962963 0.58125 0.5453703703703704 0.5805555555555556 0.5453703703703704 0.5791666666666667 0.5462962962962963 0.5784722222222223 0.5462962962962963 0.5736111111111111 0.5453703703703704 0.5729166666666666 0.5453703703703704 0.5576388888888889 0.5444444444444444 0.5569444444444445 0.5444444444444444 0.5416666666666666 0.5435185185185185 0.5409722222222222 0.5435185185185185 0.5256944444444445 0.5425925925925926 0.525 0.5425925925925926 0.5131944444444444 0.5416666666666666 0.5125 0.5416666666666666 0.5027777777777778 0.5407407407407407 0.5020833333333333 0.5407407407407407 0.4909722222222222 0.5398148148148149 0.49027777777777776 0.5398148148148149 0.47638888888888886 0.5388888888888889 0.4756944444444444 0.5388888888888889 0.4597222222222222 0.537962962962963 0.45902777777777776 0.537962962962963 0.44583333333333336 0.5370370370370371 0.44513888888888886 0.5370370370370371 0.4270833333333333 0.5361111111111111 0.4263888888888889 0.5361111111111111 0.425 0.5351851851851852 0.42430555555555555 0.5351851851851852 0.4222222222222222 0.5361111111111111 0.4215277777777778 0.5361111111111111 0.4152777777777778 0.5351851851851852 0.41458333333333336 0.5351851851851852 0.40347222222222223 0.5342592592592592 0.4027777777777778 0.5342592592592592 0.39791666666666664 0.5333333333333333 0.3972222222222222 0.5333333333333333 0.39305555555555555 0.5342592592592592 0.3923611111111111 0.5342592592592592 0.39166666666666666 0.5370370370370371 0.38958333333333334 0.537962962962963 0.38958333333333334 0.5388888888888889 0.3888888888888889 0.5388888888888889 0.38819444444444445 0.5398148148148149 0.3875 0.5407407407407407 0.3875 0.5425925925925926 0.3888888888888889 0.5453703703703704 0.3888888888888889 0.5453703703703704 0.3875 0.5462962962962963 0.38680555555555557 0.5462962962962963 0.3861111111111111 0.5472222222222223 0.3854166666666667 0.549074074074074 0.3854166666666667 0.5509259259259259 0.38680555555555557 0.5509259259259259 0.3875 0.5518518518518518 0.38819444444444445 0.5518518518518518 0.3888888888888889 0.5555555555555556 0.39166666666666666 0.5555555555555556 0.39305555555555555 0.5564814814814815 0.39375 0.5564814814814815 0.39444444444444443 0.5574074074074075 0.3951388888888889 0.5574074074074075 0.3958333333333333 0.5583333333333333 0.39652777777777776 0.5583333333333333 0.3972222222222222 0.5611111111111111 0.3993055555555556 0.5611111111111111 0.4 0.562037037037037 0.40069444444444446 0.562037037037037 0.40208333333333335 0.562962962962963 0.4027777777777778 0.562962962962963 0.40347222222222223 0.5638888888888889 0.4041666666666667 0.5638888888888889 0.4048611111111111 0.5648148148148148 0.4048611111111111 0.5666666666666667 0.40625 0.5666666666666667 0.40694444444444444 0.5675925925925925 0.4076388888888889 0.5675925925925925 0.4083333333333333 0.5685185185185185 0.40902777777777777 0.5685185185185185 0.41041666666666665 0.5694444444444444 0.4111111111111111 0.5694444444444444 0.41180555555555554 0.5703703703703704 0.4125 0.5703703703703704 0.4131944444444444 0.5712962962962963 0.41388888888888886 0.5712962962962963 0.4152777777777778 0.5722222222222222 0.41597222222222224 0.5722222222222222 0.4173611111111111 0.5731481481481482 0.41805555555555557 0.5731481481481482 0.41875 0.5740740740740741 0.41944444444444445 0.5740740740740741 0.4201388888888889 0.575 0.4201388888888889 0.575925925925926 0.42083333333333334 0.5824074074074074 0.42083333333333334 0.5833333333333334 0.4201388888888889 0.5842592592592593 0.4201388888888889 0.5851851851851851 0.41944444444444445 0.5851851851851851 0.41388888888888886 0.5842592592592593 0.4131944444444444 0.5842592592592593 0.4111111111111111 0.5814814814814815 0.40902777777777777 0.5814814814814815 0.4083333333333333 0.5805555555555556 0.4076388888888889 0.5805555555555556 0.40694444444444444 0.5787037037037037 0.40555555555555556 0.5787037037037037 0.4048611111111111 0.5731481481481482 0.40069444444444446 0.5731481481481482 0.4 0.5694444444444444 0.3972222222222222 0.5694444444444444 0.39652777777777776 0.5685185185185185 0.3958333333333333 0.5685185185185185 0.39375 0.5675925925925925 0.39305555555555555 0.5675925925925925 0.3923611111111111 0.5666666666666667 0.39166666666666666 0.5666666666666667 0.3909722222222222 0.5657407407407408 0.3902777777777778 0.5657407407407408 0.38958333333333334 0.5648148148148148 0.3888888888888889 0.5648148148148148 0.3875 0.5638888888888889 0.38680555555555557 0.5638888888888889 0.3840277777777778 0.562037037037037 0.38263888888888886 0.562037037037037 0.38125 0.562962962962963 0.38055555555555554 0.5666666666666667 0.38055555555555554 0.5675925925925925 0.38125 0.5805555555555556 0.38125 0.5814814814814815 0.38055555555555554 0.5851851851851851 0.38055555555555554 0.5861111111111111 0.3798611111111111 0.587037037037037 0.3798611111111111 0.5879629629629629 0.37916666666666665 0.5888888888888889 0.37916666666666665 0.5898148148148148 0.3784722222222222 0.5907407407407408 0.3784722222222222 0.5925925925925926 0.3770833333333333 0.5935185185185186 0.3770833333333333 0.5972222222222222 0.37430555555555556 0.5972222222222222 0.3736111111111111 0.5990740740740741 0.37222222222222223 0.5990740740740741 0.3715277777777778 0.6 0.37083333333333335 0.6 0.3701388888888889 0.600925925925926 0.36944444444444446 0.600925925925926 0.3680555555555556 0.6 0.36736111111111114 0.6 0.36666666666666664 0.5990740740740741 0.36666666666666664 0.5972222222222222 0.36527777777777776 0.5972222222222222 0.3638888888888889 0.5944444444444444 0.36180555555555555 0.5944444444444444 0.36041666666666666 0.5953703703703703 0.3597222222222222 0.5962962962962963 0.3597222222222222 0.5981481481481481 0.3611111111111111 0.5981481481481481 0.36180555555555555 0.5990740740740741 0.36180555555555555 0.5990740740740741 0.3611111111111111 0.6027777777777777 0.35833333333333334 0.6046296296296296 0.35833333333333334 0.6064814814814815 0.35694444444444445 0.6064814814814815 0.35208333333333336 0.6055555555555555 0.35138888888888886 0.6055555555555555 0.3506944444444444 0.6046296296296296 0.35 0.6046296296296296 0.3486111111111111 0.6037037037037037 0.34791666666666665 0.600925925925926 0.34791666666666665 0.6 0.3486111111111111 0.5935185185185186 0.3486111111111111 0.5916666666666667 0.35 0.5907407407407408 0.35 0.5898148148148148 0.3506944444444444 0.5879629629629629 0.3506944444444444 0.5861111111111111 0.35208333333333336 0.5851851851851851 0.35208333333333336 0.5842592592592593 0.3527777777777778 0.5833333333333334 0.3527777777777778 0.5824074074074074 0.35347222222222224 0.5814814814814815 0.35347222222222224 0.5796296296296296 0.3548611111111111 0.5796296296296296 0.35555555555555557 0.5787037037037037 0.35625 0.5787037037037037 0.3576388888888889 0.575925925925926 0.3597222222222222 0.575 0.3597222222222222 0.575 0.36041666666666666 0.5712962962962963 0.36319444444444443 0.5703703703703704 0.36319444444444443 0.5685185185185185 0.3645833333333333 0.5685185185185185 0.36527777777777776 0.5675925925925925 0.3659722222222222 0.5666666666666667 0.3659722222222222 0.5648148148148148 0.36736111111111114 0.5638888888888889 0.36736111111111114 0.562037037037037 0.36875 0.5611111111111111 0.36875 0.5601851851851852 0.36944444444444446 0.5601851851851852 0.3701388888888889 0.5592592592592592 0.37083333333333335 0.5592592592592592 0.3715277777777778 0.5583333333333333 0.37222222222222223 0.5583333333333333 0.37777777777777777 0.5574074074074075 0.3784722222222222 0.5555555555555556 0.3770833333333333 0.5555555555555556 0.375 0.5546296296296296 0.37430555555555556 0.5546296296296296 0.3729166666666667 0.5518518518518518 0.37083333333333335 0.5518518518518518 0.3701388888888889 0.5509259259259259 0.36944444444444446 0.5509259259259259 0.36875 0.55 0.3680555555555556 0.55 0.36666666666666664 0.549074074074074 0.3659722222222222 0.549074074074074 0.36527777777777776 0.5481481481481482 0.3645833333333333 0.5481481481481482 0.3638888888888889 0.5453703703703704 0.36180555555555555 0.5453703703703704 0.3611111111111111 0.5435185185185185 0.3597222222222222 0.5435185185185185 0.3590277777777778 0.5425925925925926 0.35833333333333334 0.5425925925925926 0.3576388888888889 0.5398148148148149 0.35555555555555557 0.5398148148148149 0.3548611111111111 0.537962962962963 0.35347222222222224 0.537962962962963 0.3527777777777778 0.5370370370370371 0.35208333333333336 0.5370370370370371 0.3506944444444444 0.5361111111111111 0.35 0.5361111111111111 0.3486111111111111 0.5351851851851852 0.34791666666666665 0.5351851851851852 0.3472222222222222 0.5342592592592592 0.34652777777777777 0.5342592592592592 0.3458333333333333 0.5333333333333333 0.3451388888888889 0.5333333333333333 0.34305555555555556 0.5324074074074074 0.3423611111111111 0.5324074074074074 0.3402777777777778 0.5314814814814814 0.33958333333333335 0.5314814814814814 0.3388888888888889 0.5305555555555556 0.33819444444444446 0.5305555555555556 0.33611111111111114 0.5296296296296297 0.33541666666666664 0.5296296296296297 0.33125 0.5287037037037037 0.33055555555555555 0.5287037037037037 0.3263888888888889 0.5277777777777778 0.32569444444444445 0.5277777777777778 0.3229166666666667 0.5268518518518519 0.32222222222222224 0.5277777777777778 0.3215277777777778 0.5277777777777778 0.32083333333333336 0.5296296296296297 0.3194444444444444 0.5305555555555556 0.32013888888888886 0.537962962962963 0.32013888888888886 0.5388888888888889 0.3194444444444444 0.5398148148148149 0.3194444444444444 0.5407407407407407 0.31875 0.5425925925925926 0.31875 0.55 0.31319444444444444 0.55 0.3125 0.5509259259259259 0.31180555555555556 0.5509259259259259 0.30694444444444446 0.55 0.30625 0.55 0.3055555555555556 0.5444444444444444 0.3013888888888889 0.5435185185185185 0.3013888888888889 0.5425925925925926 0.30069444444444443 0.5388888888888889 0.30069444444444443 0.537962962962963 0.3 0.5361111111111111 0.3 0.5351851851851852 0.30069444444444443 0.5333333333333333 0.30069444444444443 0.5324074074074074 0.3013888888888889 0.5314814814814814 0.3013888888888889 0.5305555555555556 0.3020833333333333 0.5296296296296297 0.3013888888888889 0.5296296296296297 0.30069444444444443 0.5287037037037037 0.3 0.5287037037037037 0.2965277777777778 0.5296296296296297 0.29583333333333334 0.5296296296296297 0.29305555555555557 0.5287037037037037 0.2923611111111111 0.5287037037037037 0.2861111111111111 0.5277777777777778 0.28541666666666665 0.5277777777777778 0.2833333333333333 0.5268518518518519 0.2826388888888889 0.5268518518518519 0.28194444444444444 0.5259259259259259 0.28125 0.5259259259259259 0.28055555555555556 0.524074074074074 0.2791666666666667 0.524074074074074 0.2777777777777778 0.5231481481481481 0.27708333333333335 0.5231481481481481 0.27569444444444446 0.5222222222222223 0.275 0.5222222222222223 0.2743055555555556 0.5212962962962963 0.27361111111111114 0.5212962962962963 0.27152777777777776 0.5203703703703704 0.2708333333333333 0.5203703703703704 0.2701388888888889 0.5194444444444445 0.26944444444444443 0.5194444444444445 0.26875 0.5185185185185185 0.26805555555555555 0.5185185185185185 0.2673611111111111 0.5148148148148148 0.26458333333333334 0.5148148148148148 0.2638888888888889 0.5138888888888888 0.26319444444444445 0.5138888888888888 0.26180555555555557 0.512962962962963 0.2611111111111111 0.512962962962963 0.2604166666666667 0.5101851851851852 0.25833333333333336 0.5009259259259259 0.25833333333333336 0.5 0.2590277777777778 0.49907407407407406 0.2590277777777778 0.4962962962962963 0.2611111111111111 0.4962962962962963 0.26180555555555557 0.49537037037037035 0.2625 0.49537037037037035 0.26319444444444445 0.49444444444444446 0.2638888888888889 0.49444444444444446 0.26458333333333334 0.4935185185185185 0.2652777777777778 0.4935185185185185 0.2659722222222222 0.4925925925925926 0.26666666666666666 0.4925925925925926 0.26875 0.49166666666666664 0.26944444444444443 0.49166666666666664 0.2763888888888889 0.4888888888888889 0.27847222222222223 0.4888888888888889 0.2791666666666667 0.48703703703703705 0.28055555555555556 0.4861111111111111 0.28055555555555556 0.4842592592592593 0.2791666666666667 0.4842592592592593 0.27708333333333335 0.48333333333333334 0.2763888888888889 0.48333333333333334 0.275 0.48055555555555557 0.27291666666666664 0.48055555555555557 0.2722222222222222 0.4777777777777778 0.2701388888888889 0.4777777777777778 0.26944444444444443 0.47685185185185186 0.26875 0.47685185185185186 0.26805555555555555 0.47314814814814815 0.2652777777777778 0.47314814814814815 0.26458333333333334 0.4722222222222222 0.2638888888888889 0.4722222222222222 0.26319444444444445 0.47129629629629627 0.2625 0.47129629629629627 0.26180555555555557 0.4703703703703704 0.2611111111111111 0.4703703703703704 0.2604166666666667 0.4666666666666667 0.25763888888888886 0.4666666666666667 0.25555555555555554 0.4638888888888889 0.2534722222222222 0.4638888888888889 0.25277777777777777 0.46296296296296297 0.2520833333333333 0.46296296296296297 0.2513888888888889 0.4601851851851852 0.24930555555555556 0.4601851851851852 0.24791666666666667 0.45925925925925926 0.24722222222222223 0.45925925925925926 0.24583333333333332 0.4583333333333333 0.24513888888888888 0.4583333333333333 0.2388888888888889 0.45925925925925926 0.23819444444444443 0.45925925925925926 0.23541666666666666 0.4583333333333333 0.23472222222222222 0.4583333333333333 0.23055555555555557 0.45740740740740743 0.2298611111111111 0.45740740740740743 0.22916666666666666 0.4564814814814815 0.22847222222222222 0.4564814814814815 0.22777777777777777 0.45555555555555555 0.22708333333333333 0.4546296296296296 0.22708333333333333 0.4537037037037037 0.2263888888888889 0.4527777777777778 0.2263888888888889 0.45185185185185184 0.22569444444444445
0 0.4648148148148148 0.22361111111111112 0.4648148148148148 0.22430555555555556 0.4638888888888889 0.225 0.4648148148148148 0.22569444444444445 0.46574074074074073 0.22569444444444445 0.4675925925925926 0.22430555555555556 0.4666666666666667 0.22361111111111112
0 0.5638888888888889 0.1875 0.562962962962963 0.18819444444444444 0.562037037037037 0.18819444444444444 0.5611111111111111 0.18888888888888888 0.5611111111111111 0.18958333333333333 0.562037037037037 0.18958333333333333 0.562962962962963 0.19027777777777777 0.5638888888888889 0.19027777777777777 0.5648148148148148 0.18958333333333333 0.5657407407407408 0.18958333333333333 0.5666666666666667 0.18888888888888888 0.5657407407407408 0.18819444444444444 0.5648148148148148 0.18819444444444444
0 0.6064814814814815 0.17152777777777778 0.6055555555555555 0.17222222222222222 0.6027777777777777 0.17222222222222222 0.6018518518518519 0.17291666666666666 0.6018518518518519 0.17430555555555555 0.6055555555555555 0.17430555555555555 0.6064814814814815 0.1736111111111111 0.6111111111111112 0.1736111111111111 0.612037037037037 0.17291666666666666 0.6111111111111112 0.17222222222222222 0.6074074074074074 0.17222222222222222
0 0.6268518518518519 0.1638888888888889 0.625 0.16527777777777777 0.6259259259259259 0.16597222222222222 0.6268518518518519 0.16597222222222222 0.6277777777777778 0.16527777777777777 0.6268518518518519 0.16458333333333333
0 0.6342592592592593 0.16111111111111112 0.6342592592592593 0.16180555555555556 0.6351851851851852 0.16180555555555556 0.6361111111111111 0.16111111111111112 0.6370370370370371 0.16111111111111112
0 0.65 0.15416666666666667 0.649074074074074 0.15486111111111112 0.6481481481481481 0.15486111111111112 0.6472222222222223 0.15555555555555556 0.6472222222222223 0.15625 0.6462962962962963 0.15694444444444444 0.6407407407407407 0.15694444444444444 0.6398148148148148 0.15763888888888888 0.6398148148148148 0.15902777777777777 0.6407407407407407 0.1597222222222222 0.6425925925925926 0.1597222222222222 0.6444444444444445 0.15833333333333333 0.6453703703703704 0.15833333333333333 0.6462962962962963 0.15763888888888888 0.6472222222222223 0.15833333333333333 0.6518518518518519 0.15833333333333333 0.6527777777777778 0.15763888888888888 0.6527777777777778 0.15416666666666667
0 0.6712962962962963 0.14583333333333334 0.6703703703703704 0.14652777777777778 0.6694444444444444 0.14652777777777778 0.6694444444444444 0.14722222222222223 0.6703703703703704 0.14722222222222223 0.6731481481481482 0.14930555555555555 0.6731481481481482 0.1486111111111111 0.674074074074074 0.14791666666666667 0.674074074074074 0.14583333333333334
0 0.6888888888888889 0.14027777777777778 0.687962962962963 0.14097222222222222 0.687037037037037 0.14097222222222222 0.6861111111111111 0.14166666666666666 0.6851851851851852 0.14166666666666666 0.6842592592592592 0.1423611111111111 0.6833333333333333 0.14166666666666666 0.6814814814814815 0.14166666666666666 0.6805555555555556 0.1423611111111111 0.6805555555555556 0.14305555555555555 0.6814814814814815 0.14375 0.6824074074074075 0.14305555555555555 0.6898148148148148 0.14305555555555555 0.6916666666666667 0.14166666666666666 0.6907407407407408 0.14097222222222222 0.6898148148148148 0.14097222222222222