0 0.005555555555555556 0.6680555555555555 0.004629629629629629 0.66875 0.004629629629629629 0.6715277777777777 0.005555555555555556 0.6722222222222223 0.006481481481481481 0.6722222222222223 0.008333333333333333 0.6708333333333333 0.008333333333333333 0.66875 0.007407407407407408 0.66875 0.006481481481481481 0.6680555555555555
0 0.01574074074074074 0.6604166666666667 0.014814814814814815 0.6611111111111111 0.013888888888888888 0.6611111111111111 0.012962962962962963 0.6618055555555555 0.012962962962962963 0.6645833333333333 0.012037037037037037 0.6652777777777777 0.012962962962962963 0.6659722222222222 0.012962962962962963 0.6666666666666666 0.014814814814814815 0.6666666666666666 0.01574074074074074 0.6659722222222222 0.016666666666666666 0.6659722222222222 0.017592592592592594 0.6652777777777777 0.017592592592592594 0.6638888888888889 0.018518518518518517 0.6631944444444444 0.018518518518518517 0.6611111111111111 0.017592592592592594 0.6604166666666667
0 0.023148148148148147 0.65625 0.021296296296296296 0.6576388888888889 0.021296296296296296 0.6583333333333333 0.022222222222222223 0.6583333333333333 0.023148148148148147 0.6590277777777778 0.025 0.6590277777777778 0.025925925925925925 0.6583333333333333 0.025925925925925925 0.6569444444444444 0.025 0.65625
0 0.032407407407407406 0.6458333333333334 0.03148148148148148 0.6465277777777778 0.03148148148148148 0.65 0.032407407407407406 0.6506944444444445 0.03425925925925926 0.6493055555555556 0.03425925925925926 0.6486111111111111 0.03518518518518519 0.6479166666666667 0.03518518518518519 0.6465277777777778 0.03425925925925926 0.6458333333333334
0 0.041666666666666664 0.6416666666666667 0.03981481481481482 0.6430555555555556 0.03981481481481482 0.64375 0.040740740740740744 0.64375 0.041666666666666664 0.6430555555555556 0.04351851851851852 0.6430555555555556 0.044444444444444446 0.6423611111111112 0.044444444444444446 0.6416666666666667
0 0.05925925925925926 0.6256944444444444 0.05740740740740741 0.6270833333333333 0.05648148148148148 0.6270833333333333 0.05462962962962963 0.6284722222222222 0.053703703703703705 0.6284722222222222 0.05092592592592592 0.6305555555555555 0.05092592592592592 0.6326388888888889 0.05185185185185185 0.6333333333333333 0.05185185185185185 0.6340277777777777 0.05277777777777778 0.6340277777777777 0.05462962962962963 0.6326388888888889 0.05555555555555555 0.6326388888888889 0.058333333333333334 0.6305555555555555 0.058333333333333334 0.6298611111111111 0.05925925925925926 0.6291666666666667 0.05925925925925926 0.6284722222222222 0.06018518518518518 0.6277777777777778 0.06018518518518518 0.6263888888888889
0 0.2712962962962963 0.44722222222222224 0.27037037037037037 0.4479166666666667 0.27037037037037037 0.4486111111111111 0.26851851851851855 0.45 0.2675925925925926 0.45 0.26666666666666666 0.45069444444444445 0.26666666666666666 0.45208333333333334 0.2638888888888889 0.45416666666666666 0.26296296296296295 0.45416666666666666 0.25833333333333336 0.4576388888888889 0.25833333333333336 0.4583333333333333 0.25277777777777777 0.4625 0.25277777777777777 0.46319444444444446 0.25092592592592594 0.46458333333333335 0.25092592592592594 0.46597222222222223 0.25 0.4666666666666667 0.25 0.46805555555555556 0.25092592592592594 0.46875 0.25092592592592594 0.46944444444444444 0.25277777777777777 0.46944444444444444 0.25462962962962965 0.46805555555555556 0.25555555555555554 0.46805555555555556 0.2574074074074074 0.4666666666666667 0.25833333333333336 0.4666666666666667 0.262037037037037 0.4638888888888889 0.26296296296296295 0.4638888888888889 0.262037037037037 0.4638888888888889 0.2611111111111111 0.46319444444444446 0.2611111111111111 0.4618055555555556 0.26296296296296295 0.46041666666666664 0.2638888888888889 0.46041666666666664 0.26481481481481484 0.46111111111111114 0.26481481481481484 0.46041666666666664 0.26666666666666666 0.45902777777777776 0.26666666666666666 0.4576388888888889 0.2675925925925926 0.45694444444444443 0.2675925925925926 0.45208333333333334 0.26666666666666666 0.4513888888888889 0.2675925925925926 0.45069444444444445 0.26944444444444443 0.45069444444444445 0.27037037037037037 0.45 0.27037037037037037 0.4479166666666667
0 0.4583333333333333 0.13819444444444445 0.45555555555555555 0.14027777777777778 0.4546296296296296 0.14027777777777778 0.4527777777777778 0.14166666666666666 0.45185185185185184 0.14166666666666666 0.45092592592592595 0.1423611111111111 0.45 0.1423611111111111 0.45 0.14305555555555555 0.4462962962962963 0.14583333333333334 0.4462962962962963 0.14652777777777778 0.44537037037037036 0.14722222222222223 0.44537037037037036 0.1486111111111111 0.4444444444444444 0.14930555555555555 0.4444444444444444 0.15138888888888888 0.44351851851851853 0.15208333333333332 0.44351851851851853 0.15486111111111112 0.4425925925925926 0.15555555555555556 0.4425925925925926 0.1625 0.44166666666666665 0.16319444444444445 0.44166666666666665 0.16527777777777777 0.44074074074074077 0.16597222222222222 0.44074074074074077 0.1673611111111111 0.4398148148148148 0.16805555555555557 0.4398148148148148 0.17847222222222223 0.44074074074074077 0.17916666666666667 0.44074074074074077 0.18194444444444444 0.44166666666666665 0.18263888888888888 0.44166666666666665 0.18680555555555556 0.44074074074074077 0.1875 0.44074074074074077 0.18958333333333333 0.44166666666666665 0.19027777777777777 0.44166666666666665 0.19930555555555557 0.4425925925925926 0.2 0.4425925925925926 0.20208333333333334 0.44166666666666665 0.20277777777777778 0.44166666666666665 0.2048611111111111 0.4425925925925926 0.20555555555555555 0.4425925925925926 0.21388888888888888 0.44351851851851853 0.21458333333333332 0.44351851851851853 0.22777777777777777 0.4398148148148148 0.23055555555555557 0.43796296296296294 0.23055555555555557 0.43703703703703706 0.23125 0.43333333333333335 0.23125 0.4324074074074074 0.23055555555555557 0.4305555555555556 0.23055555555555557 0.42685185185185187 0.22777777777777777 0.42592592592592593 0.22777777777777777 0.425 0.22708333333333333 0.42407407407407405 0.22708333333333333 0.4212962962962963 0.225 0.4212962962962963 0.22430555555555556 0.41944444444444445 0.22291666666666668 0.41944444444444445 0.22152777777777777 0.4185185185185185 0.22083333333333333 0.41759259259259257 0.22152777777777777 0.41574074074074074 0.22152777777777777 0.4148148148148148 0.22083333333333333 0.4148148148148148 0.22013888888888888 0.41388888888888886 0.21944444444444444 0.41388888888888886 0.21805555555555556 0.412962962962963 0.21736111111111112 0.412962962962963 0.21666666666666667 0.41203703703703703 0.21597222222222223 0.41203703703703703 0.2152777777777778 0.4074074074074074 0.21180555555555555 0.4074074074074074 0.2111111111111111 0.4046296296296296 0.20902777777777778 0.4046296296296296 0.20833333333333334 0.40370370370370373 0.2076388888888889 0.40370370370370373 0.20625 0.4027777777777778 0.20555555555555555 0.4 0.20555555555555555 0.39814814814814814 0.20416666666666666 0.39814814814814814 0.20277777777777778 0.3972222222222222 0.20208333333333334 0.3972222222222222 0.20069444444444445 0.39537037037037037 0.19930555555555557 0.39537037037037037 0.1986111111111111 0.39444444444444443 0.19791666666666666 0.39351851851851855 0.19791666666666666 0.39166666666666666 0.19652777777777777 0.39166666666666666 0.19583333333333333 0.38981481481481484 0.19444444444444445 0.38981481481481484 0.19375 0.3888888888888889 0.19305555555555556 0.3888888888888889 0.19236111111111112 0.38796296296296295 0.19166666666666668 0.38796296296296295 0.19027777777777777 0.3861111111111111 0.19027777777777777 0.3851851851851852 0.18958333333333333 0.38425925925925924 0.18958333333333333 0.38333333333333336 0.18888888888888888 0.38333333333333336 0.18819444444444444 0.3814814814814815 0.18680555555555556 0.3814814814814815 0.18611111111111112 0.38055555555555554 0.18541666666666667 0.38055555555555554 0.18472222222222223 0.3768518518518518 0.18194444444444444 0.3768518518518518 0.18125 0.37592592592592594 0.18055555555555555 0.37592592592592594 0.17916666666666667 0.3768518518518518 0.17847222222222223 0.3768518518518518 0.17222222222222222 0.37592592592592594 0.17152777777777778 0.37592592592592594 0.16875 0.375 0.16805555555555557 0.375 0.16597222222222222 0.37407407407407406 0.16527777777777777 0.37407407407407406 0.1625 0.375 0.16180555555555556 0.375 0.16041666666666668 0.3768518518518518 0.15902777777777777 0.3768518518518518 0.15763888888888888 0.37592592592592594 0.15694444444444444 0.37222222222222223 0.15694444444444444 0.37037037037037035 0.15833333333333333 0.37037037037037035 0.15902777777777777 0.36944444444444446 0.1597222222222222 0.3685185185185185 0.1597222222222222 0.3675925925925926 0.16041666666666668 0.36666666666666664 0.16041666666666668 0.36574074074074076 0.16111111111111112 0.3648148148148148 0.16111111111111112 0.3638888888888889 0.16180555555555556 0.36203703703703705 0.16180555555555556 0.3611111111111111 0.1625 0.3611111111111111 0.16319444444444445 0.36018518518518516 0.1638888888888889 0.36018518518518516 0.16458333333333333 0.35833333333333334 0.16597222222222222 0.35833333333333334 0.16666666666666666 0.3574074074074074 0.1673611111111111 0.3574074074074074 0.1701388888888889 0.35648148148148145 0.17083333333333334 0.35648148148148145 0.18263888888888888 0.3574074074074074 0.18333333333333332 0.3574074074074074 0.18541666666666667 0.3592592592592593 0.18680555555555556 0.3592592592592593 0.1875 0.36018518518518516 0.18819444444444444 0.36018518518518516 0.18888888888888888 0.362962962962963 0.1909722222222222 0.3638888888888889 0.1909722222222222 0.3685185185185185 0.19444444444444445 0.36944444444444446 0.19444444444444445 0.3712962962962963 0.19583333333333333 0.3712962962962963 0.19652777777777777 0.38055555555555554 0.20347222222222222 0.38055555555555554 0.20416666666666666 0.3824074074074074 0.20555555555555555 0.3824074074074074 0.20625 0.3851851851851852 0.20833333333333334 0.3851851851851852 0.20902777777777778 0.39166666666666666 0.21388888888888888 0.39166666666666666 0.21458333333333332 0.3925925925925926 0.2152777777777778 0.3925925925925926 0.21597222222222223 0.39351851851851855 0.21666666666666667 0.39444444444444443 0.21666666666666667 0.3962962962962963 0.21805555555555556 0.3962962962962963 0.21875 0.39814814814814814 0.22013888888888888 0.39814814814814814 0.22083333333333333 0.4 0.2222222222222222 0.4 0.22291666666666668 0.4064814814814815 0.22777777777777777 0.4064814814814815 0.22847222222222222 0.4074074074074074 0.22916666666666666 0.4074074074074074 0.2298611111111111 0.4083333333333333 0.23055555555555557 0.4083333333333333 0.23125 0.40925925925925927 0.23125 0.412962962962963 0.23402777777777778 0.412962962962963 0.23472222222222222 0.4185185185185185 0.2388888888888889 0.41944444444444445 0.2388888888888889 0.42685185185185187 0.24444444444444444 0.4287037037037037 0.24444444444444444 0.43148148148148147 0.2465277777777778 0.43148148148148147 0.24722222222222223 0.43333333333333335 0.24722222222222223 0.43425925925925923 0.24791666666666667 0.4351851851851852 0.24791666666666667 0.4398148148148148 0.2513888888888889 0.44074074074074077 0.2513888888888889 0.44166666666666665 0.2520833333333333 0.4425925925925926 0.2520833333333333 0.44537037037037036 0.25416666666666665 0.44537037037037036 0.2743055555555556 0.4462962962962963 0.275 0.4462962962962963 0.27569444444444446 0.44537037037037036 0.2763888888888889 0.44537037037037036 0.2798611111111111 0.4462962962962963 0.28055555555555556 0.4462962962962963 0.3076388888888889 0.44722222222222224 0.30833333333333335 0.44722222222222224 0.3125 0.44814814814814813 0.31319444444444444 0.44814814814814813 0.33541666666666664 0.44907407407407407 0.33611111111111114 0.44907407407407407 0.3527777777777778 0.45 0.35347222222222224 0.45 0.37083333333333335 0.45092592592592595 0.3715277777777778 0.45092592592592595 0.38333333333333336 0.45185185185185184 0.3840277777777778 0.45185185185185184 0.39652777777777776 0.4527777777777778 0.3972222222222222 0.4527777777777778 0.4131944444444444 0.4537037037037037 0.41388888888888886 0.4537037037037037 0.42916666666666664 0.4546296296296296 0.42986111111111114 0.4546296296296296 0.45208333333333334 0.45555555555555555 0.4527777777777778 0.45555555555555555 0.46111111111111114 0.4564814814814815 0.4618055555555556 0.4564814814814815 0.48194444444444445 0.45740740740740743 0.4826388888888889 0.45740740740740743 0.49236111111111114 0.4583333333333333 0.4930555555555556 0.4583333333333333 0.50625 0.45925925925925926 0.5069444444444444 0.45925925925925926 0.5173611111111112 0.4601851851851852 0.5180555555555556 0.4601851851851852 0.5388888888888889 0.46111111111111114 0.5395833333333333 0.46111111111111114 0.55625 0.462037037037037 0.5569444444444445 0.462037037037037 0.5722222222222222 0.46296296296296297 0.5729166666666666 0.46296296296296297 0.5840277777777778 0.4638888888888889 0.5847222222222223 0.4638888888888889 0.6006944444444444 0.4648148148148148 0.6013888888888889 0.4648148148148148 0.6159722222222223 0.46574074074074073 0.6166666666666667 0.46574074074074073 0.6305555555555555 0.4666666666666667 0.63125 0.4666666666666667 0.6402777777777777 0.4675925925925926 0.6409722222222223 0.4675925925925926 0.6541666666666667 0.4685185185185185 0.6548611111111111 0.4685185185185185 0.6708333333333333 0.46944444444444444 0.6715277777777777 0.46944444444444444 0.69375 0.4703703703703704 0.6944444444444444 0.4703703703703704 0.7083333333333334 0.47129629629629627 0.7090277777777778 0.47129629629629627 0.7222222222222222 0.4722222222222222 0.7229166666666667 0.4722222222222222 0.7319444444444444 0.47314814814814815 0.7326388888888888 0.47314814814814815 0.7402777777777778 0.4740740740740741 0.7409722222222223 0.4740740740740741 0.7506944444444444 0.475 0.7513888888888889 0.475 0.7666666666666667 0.4759259259259259 0.7673611111111112 0.4759259259259259 0.7888888888888889 0.47685185185185186 0.7895833333333333 0.47685185185185186 0.8048611111111111 0.4777777777777778 0.8055555555555556 0.4777777777777778 0.8263888888888888 0.4787037037037037 0.8270833333333333 0.4787037037037037 0.8354166666666667 0.47962962962962963 0.8361111111111111 0.47962962962962963 0.8451388888888889 0.48055555555555557 0.8458333333333333 0.48055555555555557 0.8604166666666667 0.48148148148148145 0.8611111111111112 0.48148148148148145 0.8729166666666667 0.4824074074074074 0.8736111111111111 0.4824074074074074 0.8819444444444444 0.48333333333333334 0.8826388888888889 0.48333333333333334 0.8958333333333334 0.4842592592592593 0.8965277777777778 0.4842592592592593 0.9069444444444444 0.48518518518518516 0.9076388888888889 0.48518518518518516 0.9243055555555556 0.4861111111111111 0.925 0.4861111111111111 0.9354166666666667 0.48703703703703705 0.9361111111111111 0.48703703703703705 0.94375 0.487962962962963 0.9444444444444444 0.487962962962963 0.9527777777777777 0.4888888888888889 0.9534722222222223 0.4888888888888889 0.9590277777777778 0.4898148148148148 0.9597222222222223 0.4898148148148148 0.9722222222222222 0.49074074074074076 0.9729166666666667 0.49074074074074076 0.9875 0.49166666666666664 0.9881944444444445 0.49166666666666664 0.9993055555555556 0.6111111111111112 0.9993055555555556 0.6111111111111112 0.9986111111111111 0.6101851851851852 0.9979166666666667 0.6101851851851852 0.99375 0.6092592592592593 0.9930555555555556 0.6092592592592593 0.9888888888888889 0.6083333333333333 0.9881944444444445 0.6083333333333333 0.9833333333333333 0.6074074074074074 0.9826388888888888 0.6074074074074074 0.9770833333333333 0.6064814814814815 0.9763888888888889 0.6064814814814815 0.9729166666666667 0.6055555555555555 0.9722222222222222 0.6055555555555555 0.96875 0.6046296296296296 0.9680555555555556 0.6046296296296296 0.9652777777777778 0.6037037037037037 0.9645833333333333 0.6037037037037037 0.9625 0.6027777777777777 0.9618055555555556 0.6027777777777777 0.9569444444444445 0.6018518518518519 0.95625 0.6018518518518519 0.9520833333333333 0.600925925925926 0.9513888888888888 0.600925925925926 0.9465277777777777 0.6 0.9458333333333333 0.6 0.94375 0.5990740740740741 0.9430555555555555 0.5990740740740741 0.9368055555555556 0.5981481481481481 0.9361111111111111 0.5981481481481481 0.9333333333333333 0.5972222222222222 0.9326388888888889 0.5972222222222222 0.9298611111111111 0.5962962962962963 0.9291666666666667 0.5962962962962963 0.925 0.5953703703703703 0.9243055555555556 0.5953703703703703 0.91875 0.5944444444444444 0.9180555555555555 0.5944444444444444 0.9152777777777777 0.5935185185185186 0.9145833333333333 0.5935185185185186 0.9069444444444444 0.5925925925925926 0.90625 0.5925925925925926 0.9 0.5916666666666667 0.8993055555555556 0.5916666666666667 0.8972222222222223 0.5907407407407408 0.8965277777777778 0.5907407407407408 0.89375 0.5916666666666667 0.8930555555555556 0.5916666666666667 0.8923611111111112 0.5907407407407408 0.8916666666666667 0.5907407407407408 0.8895833333333333 0.5898148148148148 0.8888888888888888 0.5898148148148148 0.8861111111111111 0.5888888888888889 0.8854166666666666 0.5888888888888889 0.88125 0.5879629629629629 0.8805555555555555 0.5879629629629629 0.8777777777777778 0.587037037037037 0.8770833333333333 0.587037037037037 0.8715277777777778 0.5861111111111111 0.8708333333333333 0.5861111111111111 0.8680555555555556 0.5851851851851851 0.8673611111111111 0.5851851851851851 0.8604166666666667 0.5842592592592593 0.8597222222222223 0.5842592592592593 0.8534722222222222 0.5833333333333334 0.8527777777777777 0.5833333333333334 0.8513888888888889 0.5824074074074074 0.8506944444444444 0.5824074074074074 0.8472222222222222 0.5814814814814815 0.8465277777777778 0.5814814814814815 0.8416666666666667 0.5805555555555556 0.8409722222222222 0.5805555555555556 0.8388888888888889 0.5796296296296296 0.8381944444444445 0.5796296296296296 0.8319444444444445 0.5787037037037037 0.83125 0.5787037037037037 0.8243055555555555 0.5777777777777777 0.8236111111111111 0.5777777777777777 0.81875 0.5768518518518518 0.8180555555555555 0.5768518518518518 0.8111111111111111 0.575925925925926 0.8104166666666667 0.575925925925926 0.8048611111111111 0.575 0.8041666666666667 0.575 0.7979166666666667 0.5740740740740741 0.7972222222222223 0.5740740740740741 0.79375 0.5731481481481482 0.7930555555555555 0.5731481481481482 0.7909722222222222 0.5722222222222222 0.7902777777777777 0.5722222222222222 0.7840277777777778 0.5712962962962963 0.7833333333333333 0.5712962962962963 0.7784722222222222 0.5703703703703704 0.7777777777777778 0.5703703703703704 0.7743055555555556 0.5694444444444444 0.7736111111111111 0.5694444444444444 0.7666666666666667 0.5685185185185185 0.7659722222222223 0.5685185185185185 0.7604166666666666 0.5675925925925925 0.7597222222222222 0.5675925925925925 0.7569444444444444 0.5666666666666667 0.75625 0.5666666666666667 0.7506944444444444 0.5657407407407408 0.75 0.5657407407407408 0.7465277777777778 0.5648148148148148 0.7458333333333333 0.5648148148148148 0.7430555555555556 0.5638888888888889 0.7423611111111111 0.5638888888888889 0.7347222222222223 0.562962962962963 0.7340277777777777 0.562962962962963 0.7291666666666666 0.562037037037037 0.7284722222222222 0.562037037037037 0.7243055555555555 0.5611111111111111 0.7236111111111111 0.5611111111111111 0.7173611111111111 0.5601851851851852 0.7166666666666667 0.5601851851851852 0.7111111111111111 0.5592592592592592 0.7104166666666667 0.5592592592592592 0.7041666666666667 0.5583333333333333 0.7034722222222223 0.5583333333333333 0.7 0.5574074074074075 0.6993055555555555 0.5574074074074075 0.6972222222222222 0.5564814814814815 0.6965277777777777 0.5564814814814815 0.6916666666666667 0.5555555555555556 0.6909722222222222 0.5555555555555556 0.6847222222222222 0.5546296296296296 0.6840277777777778 0.5546296296296296 0.6791666666666667 0.5537037037037037 0.6784722222222223 0.5537037037037037 0.6715277777777777 0.5527777777777778 0.6708333333333333 0.5527777777777778 0.6659722222222222 0.5518518518518518 0.6652777777777777 0.5518518518518518 0.6625 0.5509259259259259 0.6618055555555555 0.5509259259259259 0.65625 0.55 0.6555555555555556 0.55 0.6513888888888889 0.549074074074074 0.6506944444444445 0.549074074074074 0.6465277777777778 0.5481481481481482 0.6458333333333334 0.5481481481481482 0.6388888888888888 0.5472222222222223 0.6381944444444444 0.5472222222222223 0.6354166666666666 0.5462962962962963 0.6347222222222222 0.5462962962962963 0.6319444444444444 0.5453703703703704 0.63125 0.5453703703703704 0.6243055555555556 0.5444444444444444 0.6236111111111111 0.5444444444444444 0.6180555555555556 0.5435185185185185 0.6173611111111111 0.5435185185185185 0.6152777777777778 0.5425925925925926 0.6145833333333334 0.5425925925925926 0.6111111111111112 0.5416666666666666 0.6104166666666667 0.5416666666666666 0.6048611111111111 0.5407407407407407 0.6041666666666666 0.5407407407407407 0.5993055555555555 0.5398148148148149 0.5986111111111111 0.5398148148148149 0.5958333333333333 0.5388888888888889 0.5951388888888889 0.5388888888888889 0.5881944444444445 0.537962962962963 0.5875 0.537962962962963 0.5833333333333334 0.5370370370370371 0.5826388888888889 0.5370370370370371 0.575 0.5361111111111111 0.5743055555555555 0.5361111111111111 0.5708333333333333 0.5351851851851852 0.5701388888888889 0.5351851851851852 0.5666666666666667 0.5342592592592592 0.5659722222222222 0.5342592592592592 0.5597222222222222 0.5333333333333333 0.5590277777777778 0.5333333333333333 0.5569444444444445 0.5324074074074074 0.55625 0.5324074074074074 0.5527777777777778 0.5314814814814814 0.5520833333333334 0.5314814814814814 0.5465277777777777 0.5305555555555556 0.5458333333333333 0.5305555555555556 0.5402777777777777 0.5296296296296297 0.5395833333333333 0.5296296296296297 0.5375 0.5287037037037037 0.5368055555555555 0.5287037037037037 0.53125 0.5277777777777778 0.5305555555555556 0.5277777777777778 0.5270833333333333 0.5268518518518519 0.5263888888888889 0.5268518518518519 0.5229166666666667 0.5259259259259259 0.5222222222222223 0.5259259259259259 0.5180555555555556 0.525 0.5173611111111112 0.525 0.5152777777777777 0.5259259259259259 0.5145833333333333 0.5259259259259259 0.5138888888888888 0.525 0.5131944444444444 0.525 0.5111111111111111 0.524074074074074 0.5104166666666666 0.524074074074074 0.5048611111111111 0.5231481481481481 0.5041666666666667 0.5231481481481481 0.49444444444444446 0.5222222222222223 0.49375 0.5222222222222223 0.49027777777777776 0.5212962962962963 0.4895833333333333 0.5212962962962963 0.48194444444444445 0.5203703703703704 0.48125 0.5203703703703704 0.4777777777777778 0.5194444444444445 0.47708333333333336 0.5194444444444445 0.4736111111111111 0.5185185185185185 0.47291666666666665 0.5185185185185185 0.46597222222222223 0.5175925925925926 0.4652777777777778 0.5175925925925926 0.4638888888888889 0.5166666666666667 0.46319444444444446 0.5166666666666667 0.45625 0.5157407407407407 0.45555555555555555 0.5157407407407407 0.4479166666666667 0.5148148148148148 0.44722222222222224 0.5148148148148148 0.43819444444444444 0.5138888888888888 0.4375 0.5138888888888888 0.43125 0.512962962962963 0.4305555555555556 0.512962962962963 0.4284722222222222 0.5120370370370371 0.42777777777777776 0.5120370370370371 0.4201388888888889 0.5111111111111111 0.41944444444444445 0.5111111111111111 0.41597222222222224 0.5101851851851852 0.4152777777777778 0.5101851851851852 0.41041666666666665 0.5092592592592593 0.4097222222222222 0.5092592592592593 0.4048611111111111 0.5083333333333333 0.4041666666666667 0.5083333333333333 0.4 0.5074074074074074 0.3993055555555556 0.5074074074074074 0.39166666666666666 0.5064814814814815 0.3909722222222222 0.5064814814814815 0.38333333333333336 0.5055555555555555 0.38263888888888886 0.5055555555555555 0.3784722222222222 0.5046296296296297 0.37777777777777777 0.5046296296296297 0.3736111111111111 0.5037037037037037 0.3729166666666667 0.5037037037037037 0.36944444444444446 0.5027777777777778 0.36875 0.5027777777777778 0.36319444444444443 0.5018518518518519 0.3625 0.5018518518518519 0.35694444444444445 0.5009259259259259 0.35625 0.5009259259259259 0.3541666666666667 0.5 0.35347222222222224 0.5 0.3451388888888889 0.49907407407407406 0.34444444444444444 0.49907407407407406 0.3375 0.4981481481481482 0.3368055555555556 0.4981481481481482 0.33402777777777776 0.49722222222222223 0.3333333333333333 0.49722222222222223 0.3326388888888889 0.4981481481481482 0.33194444444444443 0.4981481481481482 0.32916666666666666 0.49722222222222223 0.3284722222222222 0.49722222222222223 0.3263888888888889 0.4962962962962963 0.32569444444444445 0.4962962962962963 0.32083333333333336 0.49537037037037035 0.32013888888888886 0.49537037037037035 0.31527777777777777 0.49444444444444446 0.3145833333333333 0.49444444444444446 0.3090277777777778 0.4935185185185185 0.30833333333333335 0.4935185185185185 0.30277777777777776 0.4925925925925926 0.3020833333333333 0.4925925925925926 0.2972222222222222 0.49166666666666664 0.2965277777777778 0.49166666666666664 0.28958333333333336 0.49074074074074076 0.28888888888888886 0.49074074074074076 0.28194444444444444 0.4898148148148148 0.28125 0.4898148148148148 0.28055555555555556 0.4888888888888889 0.2798611111111111 0.4888888888888889 0.27847222222222223 0.487962962962963 0.2777777777777778 0.487962962962963 0.27569444444444446 0.48703703703703705 0.275 0.48703703703703705 0.27291666666666664 0.487962962962963 0.2722222222222222 0.487962962962963 0.2708333333333333 0.4898148148148148 0.26944444444444443 0.49074074074074076 0.2701388888888889 0.4925925925925926 0.2701388888888889 0.4935185185185185 0.2708333333333333 0.5 0.2708333333333333 0.5009259259259259 0.27152777777777776 0.5055555555555555 0.27152777777777776 0.5064814814814815 0.2722222222222222 0.5074074074074074 0.2722222222222222 0.5083333333333333 0.27291666666666664 0.5092592592592593 0.27291666666666664 0.5101851851851852 0.27361111111111114 0.5111111111111111 0.27361111111111114 0.512962962962963 0.275 0.5203703703703704 0.275 0.5212962962962963 0.2743055555555556 0.5212962962962963 0.27361111111111114 0.5222222222222223 0.27291666666666664 0.5222222222222223 0.2722222222222222 0.5231481481481481 0.27152777777777776 0.5231481481481481 0.2652777777777778 0.524074074074074 0.26458333333333334 0.524074074074074 0.2611111111111111 0.5231481481481481 0.2604166666666667 0.5231481481481481 0.25625 0.5222222222222223 0.25555555555555554 0.5222222222222223 0.25069444444444444 0.5212962962962963 0.25 0.5212962962962963 0.24930555555555556 0.5203703703703704 0.24861111111111112 0.5203703703703704 0.24791666666666667 0.5194444444444445 0.24722222222222223 0.5194444444444445 0.2465277777777778 0.5185185185185185 0.24583333333333332 0.5185185185185185 0.24513888888888888 0.5175925925925926 0.24444444444444444 0.5175925925925926 0.24375 0.5166666666666667 0.24305555555555555 0.5166666666666667 0.2423611111111111 0.5185185185185185 0.24097222222222223 0.5203703703703704 0.24097222222222223 0.5212962962962963 0.24027777777777778 0.5212962962962963 0.2375 0.5222222222222223 0.23680555555555555 0.5222222222222223 0.2361111111111111 0.5212962962962963 0.23541666666666666 0.5212962962962963 0.23472222222222222 0.5203703703703704 0.23541666666666666 0.5203703703703704 0.2361111111111111 0.5194444444444445 0.23680555555555555 0.5194444444444445 0.23819444444444443 0.5185185185185185 0.2388888888888889 0.5185185185185185 0.23958333333333334 0.5175925925925926 0.24027777777777778 0.5175925925925926 0.24166666666666667 0.5166666666666667 0.2423611111111111 0.5166666666666667 0.24305555555555555 0.5157407407407407 0.24375 0.5138888888888888 0.24375 0.5120370370370371 0.24513888888888888 0.5111111111111111 0.24513888888888888 0.5101851851851852 0.24583333333333332 0.5092592592592593 0.24583333333333332 0.5074074074074074 0.24722222222222223 0.5064814814814815 0.24722222222222223 0.5046296296296297 0.24861111111111112 0.5037037037037037 0.24861111111111112 0.5027777777777778 0.24930555555555556 0.5027777777777778 0.25 0.49537037037037035 0.25555555555555554 0.4935185185185185 0.25555555555555554 0.4925925925925926 0.25625 0.4898148148148148 0.25625 0.487962962962963 0.2548611111111111 0.487962962962963 0.25416666666666665 0.48703703703703705 0.2534722222222222 0.48703703703703705 0.25277777777777777 0.4861111111111111 0.2520833333333333 0.4861111111111111 0.2465277777777778 0.48518518518518516 0.24583333333333332 0.48518518518518516 0.24305555555555555 0.4861111111111111 0.2423611111111111 0.4861111111111111 0.2375 0.48518518518518516 0.23680555555555555 0.48518518518518516 0.23333333333333334 0.4842592592592593 0.2326388888888889 0.4842592592592593 0.2298611111111111 0.48333333333333334 0.22916666666666666 0.48333333333333334 0.22777777777777777 0.4842592592592593 0.22708333333333333 0.4842592592592593 0.22430555555555556 0.48518518518518516 0.22361111111111112 0.48518518518518516 0.22083333333333333 0.4842592592592593 0.22013888888888888 0.4842592592592593 0.21805555555555556 0.48333333333333334 0.21736111111111112 0.48333333333333334 0.21597222222222223 0.4824074074074074 0.2152777777777778 0.4824074074074074 0.21180555555555555 0.48148148148148145 0.2111111111111111 0.48148148148148145 0.20416666666666666 0.48055555555555557 0.20347222222222222 0.48055555555555557 0.20208333333333334 0.47962962962962963 0.2013888888888889 0.47962962962962963 0.19930555555555557 0.4787037037037037 0.1986111111111111 0.4787037037037037 0.19722222222222222 0.4777777777777778 0.19652777777777777 0.4787037037037037 0.19583333333333333 0.4787037037037037 0.19444444444444445 0.47962962962962963 0.19375 0.47962962962962963 0.19305555555555556 0.48055555555555557 0.19236111111111112 0.48055555555555557 0.19166666666666668 0.4824074074074074 0.19027777777777777 0.4824074074074074 0.18333333333333332 0.48148148148148145 0.18263888888888888 0.48148148148148145 0.18125 0.4787037037037037 0.17916666666666667 0.4787037037037037 0.17777777777777778 0.4777777777777778 0.17708333333333334 0.4777777777777778 0.1763888888888889 0.47685185185185186 0.17569444444444443 0.47685185185185186 0.175 0.4759259259259259 0.17430555555555555 0.4759259259259259 0.1736111111111111 0.475 0.17291666666666666 0.475 0.17222222222222222 0.4675925925925926 0.16666666666666666 0.4675925925925926 0.16597222222222222 0.4666666666666667 0.16527777777777777 0.4666666666666667 0.16458333333333333 0.4638888888888889 0.1625 0.4638888888888889 0.16111111111111112 0.46296296296296297 0.16041666666666668 0.46296296296296297 0.15833333333333333 0.462037037037037 0.15763888888888888 0.462037037037037 0.15416666666666667 0.46111111111111114 0.15347222222222223 0.46111111111111114 0.14722222222222223 0.4601851851851852 0.14652777777777778 0.4601851851851852 0.14097222222222222 0.45925925925925926 0.14027777777777778 0.45925925925925926 0.1388888888888889
0 0.7157407407407408 0.08472222222222223 0.7101851851851851 0.08888888888888889 0.7092592592592593 0.08888888888888889 0.7055555555555556 0.09166666666666666 0.7074074074074074 0.09166666666666666 0.7083333333333334 0.09097222222222222 0.7092592592592593 0.09097222222222222 0.7111111111111111 0.08958333333333333 0.7111111111111111 0.08888888888888889 0.7148148148148148 0.08611111111111111 0.7148148148148148 0.08541666666666667
0 0.7240740740740741 0.07847222222222222 0.7231481481481481 0.07916666666666666 0.7212962962962963 0.07916666666666666 0.7185185185185186 0.08125 0.7185185185185186 0.08194444444444444 0.7175925925925926 0.08263888888888889 0.7185185185185186 0.08263888888888889 0.7203703703703703 0.08125 0.7212962962962963 0.08125 0.7231481481481481 0.08263888888888889 0.7231481481481481 0.08333333333333333 0.7240740740740741 0.08402777777777778 0.7240740740740741 0.08472222222222223 0.725 0.08541666666666667 0.725925925925926 0.08472222222222223 0.725925925925926 0.08333333333333333 0.7268518518518519 0.08263888888888889 0.7287037037037037 0.08263888888888889 0.7287037037037037 0.08194444444444444 0.7305555555555555 0.08055555555555556 0.7305555555555555 0.07916666666666666 0.7287037037037037 0.07916666666666666 0.7277777777777777 0.07847222222222222
