0 0.5916666666666667 0.13402777777777777 0.5907407407407408 0.13472222222222222 0.5907407407407408 0.13541666666666666 0.5898148148148148 0.1361111111111111 0.5898148148148148 0.13680555555555557 0.5879629629629629 0.13819444444444445 0.5879629629629629 0.13958333333333334 0.5888888888888889 0.14027777777777778 0.5888888888888889 0.14097222222222222 0.5898148148148148 0.14166666666666666 0.5916666666666667 0.14166666666666666 0.5916666666666667 0.14027777777777778 0.5925925925925926 0.13958333333333334 0.5925925925925926 0.1361111111111111 0.5935185185185186 0.13541666666666666 0.5935185185185186 0.13472222222222222 0.5925925925925926 0.13472222222222222
0 0.6064814814814815 0.12361111111111112 0.6027777777777777 0.12638888888888888 0.6027777777777777 0.12708333333333333 0.6018518518518519 0.12777777777777777 0.6018518518518519 0.12916666666666668 0.600925925925926 0.12986111111111112 0.6018518518518519 0.13055555555555556 0.6027777777777777 0.13055555555555556 0.6083333333333333 0.12638888888888888 0.6083333333333333 0.12569444444444444 0.6074074074074074 0.125 0.6074074074074074 0.12361111111111112
0 0.6222222222222222 0.10833333333333334 0.6203703703703703 0.10972222222222222 0.6194444444444445 0.10972222222222222 0.6175925925925926 0.1111111111111111 0.6175925925925926 0.1125 0.6138888888888889 0.11527777777777778 0.6138888888888889 0.11666666666666667 0.6111111111111112 0.11875 0.6138888888888889 0.11875 0.6148148148148148 0.11805555555555555 0.6148148148148148 0.11736111111111111 0.6166666666666667 0.11597222222222223 0.6185185185185185 0.11597222222222223 0.6240740740740741 0.11180555555555556 0.6240740740740741 0.10902777777777778 0.6231481481481481 0.10833333333333334
0 0.637962962962963 0.09305555555555556 0.6361111111111111 0.09444444444444444 0.6351851851851852 0.09444444444444444 0.6333333333333333 0.09583333333333334 0.6333333333333333 0.09652777777777778 0.6296296296296297 0.09930555555555555 0.6296296296296297 0.10069444444444445 0.6287037037037037 0.10138888888888889 0.6287037037037037 0.10347222222222222 0.6305555555555555 0.10347222222222222 0.6324074074074074 0.10208333333333333 0.6333333333333333 0.10208333333333333 0.637962962962963 0.09861111111111111 0.637962962962963 0.09791666666666667 0.6388888888888888 0.09722222222222222 0.6388888888888888 0.09652777777777778 0.6398148148148148 0.09583333333333334 0.6407407407407407 0.09583333333333334 0.6407407407407407 0.09444444444444444 0.6398148148148148 0.09375 0.6398148148148148 0.09305555555555556
0 0.6537037037037037 0.07777777777777778 0.65 0.08055555555555556 0.65 0.08125 0.649074074074074 0.08194444444444444 0.649074074074074 0.08263888888888889 0.6481481481481481 0.08333333333333333 0.6472222222222223 0.08333333333333333 0.6462962962962963 0.08402777777777778 0.6462962962962963 0.0875 0.6481481481481481 0.0875 0.649074074074074 0.08680555555555555 0.65 0.08680555555555555 0.65 0.08541666666666667 0.6537037037037037 0.08263888888888889 0.6537037037037037 0.08194444444444444 0.6555555555555556 0.08055555555555556 0.6564814814814814 0.08055555555555556 0.6574074074074074 0.0798611111111111 0.6574074074074074 0.07847222222222222 0.6564814814814814 0.07777777777777778
0 0.6703703703703704 0.0625 0.6666666666666666 0.06527777777777778 0.6666666666666666 0.06597222222222222 0.6620370370370371 0.06944444444444445 0.6620370370370371 0.07152777777777777 0.6611111111111111 0.07222222222222222 0.6620370370370371 0.07291666666666667 0.6648148148148149 0.07291666666666667 0.6666666666666666 0.07152777777777777 0.6666666666666666 0.06944444444444445 0.6694444444444444 0.06736111111111111 0.6694444444444444 0.06597222222222222 0.6712962962962963 0.06458333333333334 0.6722222222222223 0.06458333333333334 0.6731481481481482 0.06388888888888888 0.6731481481481482 0.06319444444444444 0.6722222222222223 0.0625
0 0.6814814814814815 0.05277777777777778 0.6787037037037037 0.05486111111111111 0.6787037037037037 0.05694444444444444 0.6814814814814815 0.05694444444444444 0.6824074074074075 0.05625 0.6824074074074075 0.05277777777777778
0 0.687037037037037 0.04722222222222222 0.6861111111111111 0.04791666666666667 0.6851851851851852 0.04791666666666667 0.6851851851851852 0.04861111111111111 0.6842592592592592 0.049305555555555554 0.6842592592592592 0.052083333333333336 0.6842592592592592 0.05138888888888889 0.687037037037037 0.049305555555555554 0.687962962962963 0.049305555555555554 0.6898148148148148 0.04791666666666667 0.6888888888888889 0.04722222222222222
0 0.5018518518518519 0.044444444444444446 0.5 0.04583333333333333 0.49907407407407406 0.04583333333333333 0.4981481481481482 0.04652777777777778 0.4981481481481482 0.04722222222222222 0.49722222222222223 0.04791666666666667 0.4962962962962963 0.04791666666666667 0.4935185185185185 0.05 0.4935185185185185 0.05138888888888889 0.4925925925925926 0.052083333333333336 0.4925925925925926 0.05347222222222222 0.49166666666666664 0.05416666666666667 0.49166666666666664 0.05555555555555555 0.49074074074074076 0.05625 0.49074074074074076 0.05763888888888889 0.4898148148148148 0.058333333333333334 0.4898148148148148 0.059722222222222225 0.4888888888888889 0.06041666666666667 0.4888888888888889 0.06875 0.4898148148148148 0.06944444444444445 0.4898148148148148 0.075 0.49074074074074076 0.07569444444444444 0.49074074074074076 0.07708333333333334 0.49166666666666664 0.07777777777777778 0.49166666666666664 0.07916666666666666 0.4925925925925926 0.0798611111111111 0.4925925925925926 0.08472222222222223 0.4935185185185185 0.08541666666666667 0.4935185185185185 0.10972222222222222 0.49444444444444446 0.11041666666666666 0.49444444444444446 0.11597222222222223 0.4935185185185185 0.11666666666666667 0.4935185185185185 0.12361111111111112 0.4925925925925926 0.12430555555555556 0.4925925925925926 0.125 0.49166666666666664 0.12569444444444444 0.49166666666666664 0.12638888888888888 0.4898148148148148 0.12777777777777777 0.4888888888888889 0.12777777777777777 0.487962962962963 0.1284722222222222 0.48703703703703705 0.1284722222222222 0.4861111111111111 0.12916666666666668 0.48518518518518516 0.12916666666666668 0.4842592592592593 0.1284722222222222 0.48148148148148145 0.1284722222222222 0.48055555555555557 0.12777777777777777 0.4787037037037037 0.12777777777777777 0.4777777777777778 0.12708333333333333 0.47685185185185186 0.12708333333333333 0.475 0.12569444444444444 0.4740740740740741 0.12569444444444444 0.4675925925925926 0.12083333333333333 0.4675925925925926 0.12013888888888889 0.4666666666666667 0.11944444444444445 0.4666666666666667 0.11875 0.46574074074074073 0.11875 0.4648148148148148 0.11805555555555555 0.4638888888888889 0.11805555555555555 0.46296296296296297 0.11736111111111111 0.462037037037037 0.11736111111111111 0.45555555555555555 0.1125 0.45555555555555555 0.11180555555555556 0.4537037037037037 0.11041666666666666 0.4527777777777778 0.11041666666666666 0.4462962962962963 0.10555555555555556 0.4462962962962963 0.10486111111111111 0.4444444444444444 0.10347222222222222 0.4444444444444444 0.10277777777777777 0.44351851851851853 0.10277777777777777 0.4388888888888889 0.09930555555555555 0.4388888888888889 0.09861111111111111 0.4361111111111111 0.09652777777777778 0.4361111111111111 0.09583333333333334 0.43425925925925923 0.09444444444444444 0.43148148148148147 0.09444444444444444 0.4305555555555556 0.09375 0.42962962962962964 0.09375 0.42685185185185187 0.09166666666666666 0.42592592592592593 0.09166666666666666 0.42407407407407405 0.09027777777777778 0.42407407407407405 0.08958333333333333 0.42314814814814816 0.08888888888888889 0.42314814814814816 0.08819444444444445 0.42314814814814816 0.08888888888888889 0.4222222222222222 0.08958333333333333 0.4222222222222222 0.09166666666666666 0.4203703703703704 0.09305555555555556 0.41574074074074074 0.09305555555555556 0.4148148148148148 0.09236111111111112 0.41388888888888886 0.09236111111111112 0.41203703703703703 0.09097222222222222 0.41203703703703703 0.08819444444444445 0.412962962962963 0.0875 0.412962962962963 0.08611111111111111 0.41388888888888886 0.08541666666666667 0.41388888888888886 0.08472222222222223 0.4148148148148148 0.08402777777777778 0.4148148148148148 0.08055555555555556 0.41388888888888886 0.0798611111111111 0.41388888888888886 0.07291666666666667 0.412962962962963 0.07222222222222222 0.412962962962963 0.0625 0.41203703703703703 0.06180555555555556 0.41203703703703703 0.06111111111111111 0.4111111111111111 0.06041666666666667 0.40925925925925927 0.06180555555555556 0.4083333333333333 0.06180555555555556 0.4074074074074074 0.0625 0.4064814814814815 0.0625 0.4046296296296296 0.06388888888888888 0.40370370370370373 0.06388888888888888 0.4027777777777778 0.06458333333333334 0.4 0.06458333333333334 0.4 0.06527777777777778 0.3962962962962963 0.06805555555555555 0.39537037037037037 0.06805555555555555 0.39537037037037037 0.06875 0.39444444444444443 0.06944444444444445 0.39351851851851855 0.06944444444444445 0.39166666666666666 0.07083333333333333 0.39166666666666666 0.07222222222222222 0.3907407407407407 0.07291666666666667 0.3907407407407407 0.08194444444444444 0.39166666666666666 0.08263888888888889 0.39166666666666666 0.08472222222222223 0.3925925925925926 0.08541666666666667 0.3925925925925926 0.08680555555555555 0.3962962962962963 0.08958333333333333 0.3962962962962963 0.09027777777777778 0.39814814814814814 0.09027777777777778 0.3990740740740741 0.09097222222222222 0.40370370370370373 0.09097222222222222 0.4064814814814815 0.09305555555555556 0.4064814814814815 0.09513888888888888 0.4083333333333333 0.09652777777777778 0.4101851851851852 0.09652777777777778 0.4148148148148148 0.1 0.41574074074074074 0.1 0.41944444444444445 0.10277777777777777 0.41944444444444445 0.10347222222222222 0.4212962962962963 0.10486111111111111 0.4212962962962963 0.10555555555555556 0.425 0.10833333333333334 0.42592592592592593 0.10833333333333334 0.4324074074074074 0.11319444444444444 0.43333333333333335 0.11319444444444444 0.43703703703703706 0.11597222222222223 0.43703703703703706 0.11666666666666667 0.4388888888888889 0.11805555555555555 0.4388888888888889 0.11875 0.4425925925925926 0.12152777777777778 0.4425925925925926 0.12222222222222222 0.44351851851851853 0.12291666666666666 0.4444444444444444 0.12291666666666666 0.4462962962962963 0.12430555555555556 0.44722222222222224 0.12430555555555556 0.4527777777777778 0.1284722222222222 0.4527777777777778 0.12916666666666668 0.4546296296296296 0.13055555555555556 0.4546296296296296 0.13125 0.45555555555555555 0.13125 0.462037037037037 0.1361111111111111 0.462037037037037 0.13680555555555557 0.46296296296296297 0.1375 0.4638888888888889 0.1375 0.4648148148148148 0.13819444444444445 0.46574074074074073 0.13819444444444445 0.4666666666666667 0.1388888888888889 0.4675925925925926 0.1388888888888889 0.46944444444444444 0.14027777777777778 0.4703703703703704 0.14027777777777778 0.47129629629629627 0.14097222222222222 0.4722222222222222 0.14097222222222222 0.47314814814814815 0.14166666666666666 0.4740740740740741 0.14166666666666666 0.4759259259259259 0.14305555555555555 0.47685185185185186 0.14305555555555555 0.4777777777777778 0.14375 0.4787037037037037 0.14375 0.47962962962962963 0.14444444444444443 0.48055555555555557 0.14444444444444443 0.4824074074074074 0.14583333333333334 0.48333333333333334 0.14583333333333334 0.48518518518518516 0.14722222222222223 0.4861111111111111 0.14722222222222223 0.48703703703703705 0.14791666666666667 0.487962962962963 0.14791666666666667 0.49074074074074076 0.15 0.49074074074074076 0.15069444444444444 0.49166666666666664 0.15138888888888888 0.49166666666666664 0.1527777777777778 0.4925925925925926 0.15347222222222223 0.4925925925925926 0.15763888888888888 0.4935185185185185 0.15833333333333333 0.4935185185185185 0.1625 0.4925925925925926 0.16319444444444445 0.4925925925925926 0.16944444444444445 0.4935185185185185 0.1701388888888889 0.4935185185185185 0.20416666666666666 0.49444444444444446 0.2048611111111111 0.49444444444444446 0.21041666666666667 0.4935185185185185 0.2111111111111111 0.4935185185185185 0.21458333333333332 0.49444444444444446 0.2152777777777778 0.49444444444444446 0.24513888888888888 0.49537037037037035 0.24583333333333332 0.49537037037037035 0.2791666666666667 0.4962962962962963 0.2798611111111111 0.4962962962962963 0.3034722222222222 0.49722222222222223 0.30416666666666664 0.49722222222222223 0.32916666666666666 0.4981481481481482 0.3298611111111111 0.4981481481481482 0.33194444444444443 0.49722222222222223 0.3326388888888889 0.49722222222222223 0.33402777777777776 0.4981481481481482 0.3347222222222222 0.4981481481481482 0.35138888888888886 0.49907407407407406 0.35208333333333336 0.49907407407407406 0.3798611111111111 0.5 0.38055555555555554 0.5 0.4111111111111111 0.5009259259259259 0.41180555555555554 0.5009259259259259 0.43819444444444444 0.5018518518518519 0.4388888888888889 0.5018518518518519 0.4576388888888889 0.5027777777777778 0.4583333333333333 0.5027777777777778 0.4840277777777778 0.5037037037037037 0.4847222222222222 0.5037037037037037 0.5069444444444444 0.5046296296296297 0.5076388888888889 0.5046296296296297 0.5201388888888889 0.5055555555555555 0.5208333333333334 0.5055555555555555 0.5472222222222223 0.5064814814814815 0.5479166666666667 0.5064814814814815 0.5777777777777777 0.5074074074074074 0.5784722222222223 0.5074074074074074 0.6034722222222222 0.5083333333333333 0.6041666666666666 0.5083333333333333 0.6340277777777777 0.5092592592592593 0.6347222222222222 0.5092592592592593 0.6548611111111111 0.5101851851851852 0.6555555555555556 0.5101851851851852 0.6715277777777777 0.5111111111111111 0.6722222222222223 0.5111111111111111 0.6881944444444444 0.5120370370370371 0.6888888888888889 0.5120370370370371 0.7180555555555556 0.512962962962963 0.71875 0.512962962962963 0.7381944444444445 0.5138888888888888 0.7388888888888889 0.5138888888888888 0.7645833333333333 0.5148148148148148 0.7652777777777777 0.5148148148148148 0.7840277777777778 0.5157407407407407 0.7847222222222222 0.5157407407407407 0.8055555555555556 0.5166666666666667 0.80625 0.5166666666666667 0.8319444444444445 0.5175925925925926 0.8326388888888889 0.5175925925925926 0.8513888888888889 0.5185185185185185 0.8520833333333333 0.5185185185185185 0.8604166666666667 0.5194444444444445 0.8611111111111112 0.5194444444444445 0.8729166666666667 0.5203703703703704 0.8736111111111111 0.5203703703703704 0.8791666666666667 0.5212962962962963 0.8798611111111111 0.5212962962962963 0.8819444444444444 0.5222222222222223 0.8826388888888889 0.5222222222222223 0.8833333333333333 0.5231481481481481 0.8840277777777777 0.5231481481481481 0.8847222222222222 0.524074074074074 0.8854166666666666 0.524074074074074 0.8861111111111111 0.5259259259259259 0.8875 0.5324074074074074 0.8875 0.5333333333333333 0.8881944444444444 0.5370370370370371 0.8881944444444444 0.537962962962963 0.8875 0.5601851851851852 0.8875 0.5611111111111111 0.8881944444444444 0.5787037037037037 0.8881944444444444 0.5796296296296296 0.8888888888888888 0.6027777777777777 0.8888888888888888 0.6037037037037037 0.8895833333333333 0.6222222222222222 0.8895833333333333 0.6231481481481481 0.8902777777777777 0.6314814814814815 0.8902777777777777 0.6324074074074074 0.8909722222222223 0.6388888888888888 0.8909722222222223 0.6398148148148148 0.8916666666666667 0.6453703703703704 0.8916666666666667 0.6462962962962963 0.8923611111111112 0.6481481481481481 0.8923611111111112 0.649074074074074 0.8930555555555556 0.6527777777777778 0.8930555555555556 0.6537037037037037 0.89375 0.6564814814814814 0.89375 0.6574074074074074 0.8944444444444445 0.6611111111111111 0.8944444444444445 0.6620370370370371 0.8951388888888889 0.6638888888888889 0.8951388888888889 0.6648148148148149 0.8958333333333334 0.6675925925925926 0.8958333333333334 0.6685185185185185 0.8965277777777778 0.6731481481481482 0.8965277777777778 0.674074074074074 0.8958333333333334 0.674074074074074 0.8868055555555555 0.6731481481481482 0.8861111111111111 0.6731481481481482 0.8805555555555555 0.6722222222222223 0.8798611111111111 0.6722222222222223 0.8743055555555556 0.6712962962962963 0.8736111111111111 0.6712962962962963 0.8673611111111111 0.6703703703703704 0.8666666666666667 0.6703703703703704 0.8611111111111112 0.6694444444444444 0.8604166666666667 0.6694444444444444 0.8576388888888888 0.6685185185185185 0.8569444444444444 0.6685185185185185 0.8527777777777777 0.6675925925925926 0.8520833333333333 0.6675925925925926 0.8472222222222222 0.6666666666666666 0.8465277777777778 0.6666666666666666 0.8430555555555556 0.6657407407407407 0.8423611111111111 0.6657407407407407 0.8388888888888889 0.6648148148148149 0.8381944444444445 0.6648148148148149 0.8326388888888889 0.6638888888888889 0.8319444444444445 0.6638888888888889 0.8277777777777777 0.662962962962963 0.8270833333333333 0.662962962962963 0.8236111111111111 0.6620370370370371 0.8229166666666666 0.6620370370370371 0.81875 0.6611111111111111 0.8180555555555555 0.6611111111111111 0.8152777777777778 0.6601851851851852 0.8145833333333333 0.6601851851851852 0.8111111111111111 0.6592592592592592 0.8104166666666667 0.6592592592592592 0.8076388888888889 0.6583333333333333 0.8069444444444445 0.6583333333333333 0.8041666666666667 0.6574074074074074 0.8034722222222223 0.6574074074074074 0.8 0.6564814814814814 0.7993055555555556 0.6564814814814814 0.7944444444444444 0.6555555555555556 0.79375 0.6555555555555556 0.7902777777777777 0.6546296296296297 0.7895833333333333 0.6546296296296297 0.7854166666666667 0.6537037037037037 0.7847222222222222 0.6537037037037037 0.78125 0.6527777777777778 0.7805555555555556 0.6527777777777778 0.7777777777777778 0.6518518518518519 0.7770833333333333 0.6518518518518519 0.7743055555555556 0.6509259259259259 0.7736111111111111 0.6509259259259259 0.7694444444444445 0.65 0.76875 0.65 0.7652777777777777 0.649074074074074 0.7645833333333333 0.649074074074074 0.7604166666666666 0.6481481481481481 0.7597222222222222 0.6481481481481481 0.7534722222222222 0.6472222222222223 0.7527777777777778 0.6472222222222223 0.7451388888888889 0.6462962962962963 0.7444444444444445 0.6462962962962963 0.7402777777777778 0.6453703703703704 0.7395833333333334 0.6453703703703704 0.7361111111111112 0.6444444444444445 0.7354166666666667 0.6444444444444445 0.73125 0.6435185185185185 0.7305555555555555 0.6435185185185185 0.7277777777777777 0.6425925925925926 0.7270833333333333 0.6425925925925926 0.7229166666666667 0.6416666666666667 0.7222222222222222 0.6416666666666667 0.7173611111111111 0.6407407407407407 0.7166666666666667 0.6407407407407407 0.7118055555555556 0.6398148148148148 0.7111111111111111 0.6398148148148148 0.70625 0.6388888888888888 0.7055555555555556 0.6388888888888888 0.7 0.637962962962963 0.6993055555555555 0.637962962962963 0.6958333333333333 0.6370370370370371 0.6951388888888889 0.6370370370370371 0.6930555555555555 0.6361111111111111 0.6923611111111111 0.6361111111111111 0.6881944444444444 0.6351851851851852 0.6875 0.6351851851851852 0.6833333333333333 0.6342592592592593 0.6826388888888889 0.6342592592592593 0.6791666666666667 0.6333333333333333 0.6784722222222223 0.6333333333333333 0.6736111111111112 0.6324074074074074 0.6729166666666667 0.6324074074074074 0.6680555555555555 0.6314814814814815 0.6673611111111111 0.6314814814814815 0.6631944444444444 0.6305555555555555 0.6625 0.6305555555555555 0.6590277777777778 0.6296296296296297 0.6583333333333333 0.6296296296296297 0.6548611111111111 0.6287037037037037 0.6541666666666667 0.6287037037037037 0.6506944444444445 0.6277777777777778 0.65 0.6277777777777778 0.6458333333333334 0.6268518518518519 0.6451388888888889 0.6268518518518519 0.6388888888888888 0.6259259259259259 0.6381944444444444 0.6259259259259259 0.6347222222222222 0.625 0.6340277777777777 0.625 0.6298611111111111 0.6240740740740741 0.6291666666666667 0.6240740740740741 0.6222222222222222 0.6231481481481481 0.6215277777777778 0.6231481481481481 0.6173611111111111 0.6222222222222222 0.6166666666666667 0.6222222222222222 0.6131944444444445 0.6212962962962963 0.6125 0.6212962962962963 0.6097222222222223 0.6203703703703703 0.6090277777777777 0.6203703703703703 0.60625 0.6194444444444445 0.6055555555555555 0.6194444444444445 0.6020833333333333 0.6185185185185185 0.6013888888888889 0.6185185185185185 0.5979166666666667 0.6175925925925926 0.5972222222222222 0.6175925925925926 0.5916666666666667 0.6166666666666667 0.5909722222222222 0.6166666666666667 0.5854166666666667 0.6157407407407407 0.5847222222222223 0.6157407407407407 0.5798611111111112 0.6148148148148148 0.5791666666666667 0.6148148148148148 0.575 0.6138888888888889 0.5743055555555555 0.6138888888888889 0.5715277777777777 0.6129629629629629 0.5708333333333333 0.6129629629629629 0.5673611111111111 0.612037037037037 0.5666666666666667 0.612037037037037 0.5604166666666667 0.6111111111111112 0.5597222222222222 0.6111111111111112 0.55625 0.6101851851851852 0.5555555555555556 0.6101851851851852 0.5520833333333334 0.6092592592592593 0.5513888888888889 0.6092592592592593 0.5444444444444444 0.6083333333333333 0.54375 0.6083333333333333 0.5388888888888889 0.6074074074074074 0.5381944444444444 0.6074074074074074 0.5326388888888889 0.6064814814814815 0.5319444444444444 0.6064814814814815 0.5291666666666667 0.6055555555555555 0.5284722222222222 0.6055555555555555 0.525 0.6046296296296296 0.5243055555555556 0.6046296296296296 0.5208333333333334 0.6037037037037037 0.5201388888888889 0.6037037037037037 0.5166666666666667 0.6027777777777777 0.5159722222222223 0.6027777777777777 0.5118055555555555 0.6018518518518519 0.5111111111111111 0.6018518518518519 0.5069444444444444 0.600925925925926 0.50625 0.600925925925926 0.5013888888888889 0.6 0.5006944444444444 0.6 0.49583333333333335 0.5990740740740741 0.4951388888888889 0.5990740740740741 0.49166666666666664 0.5981481481481481 0.4909722222222222 0.5981481481481481 0.48680555555555555 0.5972222222222222 0.4861111111111111 0.5972222222222222 0.48125 0.5962962962962963 0.48055555555555557 0.5962962962962963 0.47708333333333336 0.5953703703703703 0.47638888888888886 0.5953703703703703 0.4722222222222222 0.5944444444444444 0.47152777777777777 0.5944444444444444 0.4666666666666667 0.5935185185185186 0.46597222222222223 0.5935185185185186 0.46111111111111114 0.5925925925925926 0.46041666666666664 0.5925925925925926 0.4548611111111111 0.5916666666666667 0.45416666666666666 0.5916666666666667 0.45 0.5907407407407408 0.44930555555555557 0.5907407407407408 0.44583333333333336 0.5898148148148148 0.44513888888888886 0.5898148148148148 0.44166666666666665 0.5888888888888889 0.4409722222222222 0.5888888888888889 0.43472222222222223 0.5879629629629629 0.4340277777777778 0.5879629629629629 0.42986111111111114 0.587037037037037 0.42916666666666664 0.587037037037037 0.425 0.5861111111111111 0.42430555555555555 0.5861111111111111 0.41805555555555557 0.5851851851851851 0.4173611111111111 0.5851851851851851 0.4131944444444444 0.5842592592592593 0.4125 0.5842592592592593 0.40902777777777777 0.5833333333333334 0.4083333333333333 0.5833333333333334 0.4027777777777778 0.5824074074074074 0.40208333333333335 0.5824074074074074 0.39861111111111114 0.5814814814814815 0.39791666666666664 0.5814814814814815 0.3923611111111111 0.5805555555555556 0.39166666666666666 0.5805555555555556 0.38472222222222224 0.5796296296296296 0.3840277777777778 0.5796296296296296 0.3798611111111111 0.5787037037037037 0.37916666666666665 0.5787037037037037 0.3729166666666667 0.5777777777777777 0.37222222222222223 0.5777777777777777 0.36736111111111114 0.5768518518518518 0.36666666666666664 0.5768518518518518 0.3597222222222222 0.575925925925926 0.3590277777777778 0.575925925925926 0.3548611111111111 0.575 0.3541666666666667 0.575 0.35 0.5740740740740741 0.34930555555555554 0.5740740740740741 0.34305555555555556 0.5731481481481482 0.3423611111111111 0.5731481481481482 0.3375 0.5722222222222222 0.3368055555555556 0.5722222222222222 0.33125 0.5712962962962963 0.33055555555555555 0.5712962962962963 0.32569444444444445 0.5703703703703704 0.325 0.5703703703703704 0.31875 0.5694444444444444 0.31805555555555554 0.5694444444444444 0.31180555555555556 0.5685185185185185 0.3111111111111111 0.5685185185185185 0.30486111111111114 0.5675925925925925 0.30416666666666664 0.5675925925925925 0.3 0.5666666666666667 0.29930555555555555 0.5666666666666667 0.29444444444444445 0.5657407407407408 0.29375 0.5657407407407408 0.2902777777777778 0.5648148148148148 0.28958333333333336 0.5648148148148148 0.2847222222222222 0.5638888888888889 0.28402777777777777 0.5638888888888889 0.2777777777777778 0.562962962962963 0.27708333333333335 0.562962962962963 0.27361111111111114 0.562037037037037 0.27291666666666664 0.562037037037037 0.26666666666666666 0.5611111111111111 0.2659722222222222 0.5611111111111111 0.2611111111111111 0.5601851851851852 0.2604166666666667 0.5601851851851852 0.25625 0.5592592592592592 0.25555555555555554 0.5592592592592592 0.25277777777777777 0.5583333333333333 0.2520833333333333 0.5583333333333333 0.2465277777777778 0.5574074074074075 0.24583333333333332 0.5574074074074075 0.24097222222222223 0.5564814814814815 0.24027777777777778 0.5564814814814815 0.23472222222222222 0.5555555555555556 0.23402777777777778 0.5555555555555556 0.22847222222222222 0.5546296296296296 0.22777777777777777 0.5546296296296296 0.22361111111111112 0.5537037037037037 0.22291666666666668 0.5537037037037037 0.21666666666666667 0.5527777777777778 0.21597222222222223 0.5527777777777778 0.2111111111111111 0.5518518518518518 0.21041666666666667 0.5518518518518518 0.20625 0.5509259259259259 0.20555555555555555 0.5509259259259259 0.19930555555555557 0.55 0.1986111111111111 0.55 0.19305555555555556 0.549074074074074 0.19236111111111112 0.549074074074074 0.18333333333333332 0.5481481481481482 0.18263888888888888 0.5481481481481482 0.18055555555555555 0.5472222222222223 0.1798611111111111 0.5472222222222223 0.17291666666666666 0.5481481481481482 0.17222222222222222 0.549074074074074 0.17222222222222222 0.55 0.17152777777777778 0.5583333333333333 0.17152777777777778 0.5592592592592592 0.17222222222222222 0.562037037037037 0.17222222222222222 0.562962962962963 0.17152777777777778 0.5722222222222222 0.17152777777777778 0.5731481481481482 0.17222222222222222 0.575 0.17222222222222222 0.575925925925926 0.17291666666666666 0.5777777777777777 0.17291666666666666 0.5787037037037037 0.1736111111111111 0.5796296296296296 0.1736111111111111 0.5805555555555556 0.17430555555555555 0.5824074074074074 0.17430555555555555 0.5833333333333334 0.175 0.5851851851851851 0.175 0.5861111111111111 0.17569444444444443 0.587037037037037 0.17569444444444443 0.5879629629629629 0.1763888888888889 0.5888888888888889 0.1763888888888889 0.5898148148148148 0.17708333333333334 0.5907407407407408 0.17708333333333334 0.5916666666666667 0.1763888888888889 0.5916666666666667 0.17569444444444443 0.5925925925925926 0.175 0.5925925925925926 0.17430555555555555 0.5935185185185186 0.1736111111111111 0.5935185185185186 0.16805555555555557 0.5925925925925926 0.1673611111111111 0.5925925925925926 0.16527777777777777 0.5916666666666667 0.16458333333333333 0.5916666666666667 0.1597222222222222 0.5907407407407408 0.15902777777777777 0.5907407407407408 0.15694444444444444 0.5898148148148148 0.15625 0.5888888888888889 0.15625 0.5879629629629629 0.15555555555555556 0.5879629629629629 0.15486111111111112 0.587037037037037 0.15416666666666667 0.587037037037037 0.15347222222222223 0.5842592592592593 0.15138888888888888 0.5833333333333334 0.15138888888888888 0.5824074074074074 0.15069444444444444 0.5777777777777777 0.15069444444444444 0.5768518518518518 0.15138888888888888 0.575925925925926 0.15138888888888888 0.5740740740740741 0.1527777777777778 0.5731481481481482 0.1527777777777778 0.5694444444444444 0.15555555555555556 0.5685185185185185 0.15555555555555556 0.5675925925925925 0.15625 0.5657407407407408 0.15625 0.5648148148148148 0.15694444444444444 0.562962962962963 0.15694444444444444 0.562037037037037 0.15625 0.5583333333333333 0.15625 0.5574074074074075 0.15694444444444444 0.549074074074074 0.15694444444444444 0.5481481481481482 0.15625 0.5472222222222223 0.15625 0.5453703703703704 0.15486111111111112 0.5453703703703704 0.15347222222222223 0.5444444444444444 0.1527777777777778 0.5444444444444444 0.15 0.5435185185185185 0.14930555555555555 0.5435185185185185 0.14305555555555555 0.5425925925925926 0.1423611111111111 0.5425925925925926 0.13680555555555557 0.5416666666666666 0.1361111111111111 0.5416666666666666 0.12986111111111112 0.5407407407407407 0.12916666666666668 0.5407407407407407 0.1284722222222222 0.5398148148148149 0.12777777777777777 0.5398148148148149 0.12569444444444444 0.5388888888888889 0.125 0.5388888888888889 0.12222222222222222 0.537962962962963 0.12152777777777778 0.537962962962963 0.11388888888888889 0.5370370370370371 0.11319444444444444 0.5370370370370371 0.10833333333333334 0.5361111111111111 0.1076388888888889 0.5361111111111111 0.10416666666666667 0.5351851851851852 0.10347222222222222 0.5351851851851852 0.09861111111111111 0.5342592592592592 0.09791666666666667 0.5342592592592592 0.09375 0.5351851851851852 0.09305555555555556 0.5351851851851852 0.0875 0.5361111111111111 0.08680555555555555 0.5361111111111111 0.08611111111111111 0.5370370370370371 0.08541666666666667 0.5370370370370371 0.08472222222222223 0.537962962962963 0.08402777777777778 0.537962962962963 0.08125 0.5370370370370371 0.08055555555555556 0.5370370370370371 0.0763888888888889 0.5361111111111111 0.07569444444444444 0.5361111111111111 0.075 0.5324074074074074 0.07222222222222222 0.5324074074074074 0.07152777777777777 0.5296296296296297 0.06944444444444445 0.5296296296296297 0.06875 0.5259259259259259 0.06597222222222222 0.525 0.06597222222222222 0.5203703703703704 0.0625 0.5194444444444445 0.0625 0.5138888888888888 0.058333333333333334 0.5138888888888888 0.05694444444444444 0.512962962962963 0.05625 0.512962962962963 0.05486111111111111 0.5120370370370371 0.05416666666666667 0.5120370370370371 0.05347222222222222 0.5111111111111111 0.05277777777777778 0.5111111111111111 0.052083333333333336 0.5101851851851852 0.05138888888888889 0.5101851851851852 0.050694444444444445 0.5092592592592593 0.05 0.5092592592592593 0.049305555555555554 0.5083333333333333 0.04861111111111111 0.5083333333333333 0.04791666666666667 0.5074074074074074 0.04722222222222222 0.5074074074074074 0.04652777777777778 0.5064814814814815 0.04583333333333333 0.5064814814814815 0.04513888888888889 0.5055555555555555 0.044444444444444446
0 0.6962962962962963 0.03819444444444445 0.6962962962962963 0.03888888888888889 0.6944444444444444 0.04027777777777778 0.6944444444444444 0.04097222222222222 0.6953703703703704 0.041666666666666664 0.6962962962962963 0.041666666666666664 0.6981481481481482 0.04027777777777778 0.6981481481481482 0.03888888888888889 0.6972222222222222 0.03819444444444445
0 0.5138888888888888 0.03263888888888889 0.5120370370370371 0.034027777777777775 0.5120370370370371 0.034722222222222224 0.5111111111111111 0.035416666666666666 0.5101851851851852 0.035416666666666666 0.5092592592592593 0.03611111111111111 0.5092592592592593 0.04027777777777778 0.5101851851851852 0.04027777777777778 0.5101851851851852 0.03958333333333333 0.512962962962963 0.0375 0.512962962962963 0.03680555555555556 0.5138888888888888 0.03611111111111111 0.5138888888888888 0.034722222222222224 0.5157407407407407 0.03333333333333333 0.5166666666666667 0.03333333333333333 0.5148148148148148 0.03333333333333333
0 0.7129629629629629 0.02361111111111111 0.7111111111111111 0.025 0.7111111111111111 0.025694444444444443 0.7129629629629629 0.025694444444444443 0.7138888888888889 0.025 0.7138888888888889 0.024305555555555556
