0 0.45092592592592595 0.9840277777777777 0.45 0.9847222222222223 0.45 0.9868055555555556 0.45092592592592595 0.9875 0.45092592592592595 0.9881944444444445
0 0.4398148148148148 0.8902777777777777 0.4398148148148148 0.8916666666666667 0.4388888888888889 0.8923611111111112 0.4388888888888889 0.8944444444444445 0.4398148148148148 0.8951388888888889 0.4398148148148148 0.8972222222222223 0.44074074074074077 0.8979166666666667 0.44074074074074077 0.8986111111111111 0.44166666666666665 0.8993055555555556 0.44166666666666665 0.9020833333333333 0.4425925925925926 0.9027777777777778 0.4425925925925926 0.9041666666666667 0.44166666666666665 0.9048611111111111 0.44166666666666665 0.9069444444444444 0.44074074074074077 0.9076388888888889 0.44074074074074077 0.9090277777777778 0.44166666666666665 0.9097222222222222 0.44166666666666665 0.9194444444444444 0.4425925925925926 0.9201388888888888 0.4425925925925926 0.9222222222222223 0.44351851851851853 0.9229166666666667 0.44351851851851853 0.9243055555555556 0.4444444444444444 0.925 0.4444444444444444 0.9284722222222223 0.44537037037037036 0.9291666666666667 0.44537037037037036 0.9368055555555556 0.4462962962962963 0.9375 0.4462962962962963 0.9506944444444444 0.44722222222222224 0.9513888888888888 0.44722222222222224 0.9527777777777777 0.44814814814814813 0.9534722222222223 0.44814814814814813 0.9555555555555556 0.44907407407407407 0.95625 0.44907407407407407 0.9597222222222223 0.44814814814814813 0.9604166666666667 0.44814814814814813 0.9631944444444445 0.44907407407407407 0.9638888888888889 0.44907407407407407 0.9652777777777778 0.45 0.9659722222222222 0.45 0.96875 0.44907407407407407 0.9694444444444444 0.44907407407407407 0.9708333333333333 0.45 0.9715277777777778 0.45 0.9791666666666666 0.45092592592592595 0.9798611111111111 0.45092592592592595 0.9784722222222222 0.45185185185185184 0.9777777777777777 0.45185185185185184 0.9763888888888889 0.45092592592592595 0.9756944444444444 0.45092592592592595 0.975 0.45185185185185184 0.9743055555555555 0.45185185185185184 0.96875 0.45092592592592595 0.9680555555555556 0.45092592592592595 0.9659722222222222 0.45185185185185184 0.9652777777777778 0.45185185185185184 0.9534722222222223 0.45092592592592595 0.9527777777777777 0.45092592592592595 0.95 0.45185185185185184 0.9493055555555555 0.45185185185185184 0.9256944444444445 0.45092592592592595 0.925 0.45092592592592595 0.9229166666666667 0.45185185185185184 0.9222222222222223 0.45185185185185184 0.9069444444444444 0.45092592592592595 0.90625 0.45092592592592595 0.9055555555555556 0.45 0.9048611111111111 0.45 0.9041666666666667 0.44907407407407407 0.9034722222222222 0.45 0.9027777777777778 0.45 0.9020833333333333 0.45092592592592595 0.9013888888888889 0.45092592592592595 0.8993055555555556 0.44814814814814813 0.8972222222222223 0.44814814814814813 0.8944444444444445 0.44722222222222224 0.89375 0.44722222222222224 0.8930555555555556 0.4462962962962963 0.8923611111111112 0.4462962962962963 0.8916666666666667 0.4444444444444444 0.8902777777777777
0 0.44166666666666665 0.8756944444444444 0.44074074074074077 0.8763888888888889 0.4398148148148148 0.8763888888888889 0.4388888888888889 0.8770833333333333 0.4388888888888889 0.8819444444444444 0.4398148148148148 0.8826388888888889 0.4398148148148148 0.8833333333333333 0.44074074074074077 0.8833333333333333 0.44166666666666665 0.8840277777777777 0.4425925925925926 0.8840277777777777 0.4425925925925926 0.8833333333333333 0.44074074074074077 0.8819444444444444 0.44074074074074077 0.88125 0.44166666666666665 0.8805555555555555 0.44166666666666665 0.8798611111111111 0.4425925925925926 0.8791666666666667 0.44351851851851853 0.8791666666666667 0.44351851851851853 0.8777777777777778 0.4444444444444444 0.8770833333333333 0.44351851851851853 0.8763888888888889 0.44351851851851853 0.8756944444444444
0 0.46944444444444444 0.8381944444444445 0.46944444444444444 0.8513888888888889 0.4685185185185185 0.8520833333333333 0.4685185185185185 0.85625 0.46944444444444444 0.8569444444444444 0.46944444444444444 0.8583333333333333 0.47129629629629627 0.8583333333333333 0.47129629629629627 0.8486111111111111 0.4703703703703704 0.8479166666666667 0.4703703703703704 0.8388888888888889
0 0.43333333333333335 0.8277777777777777 0.43333333333333335 0.8284722222222223 0.4324074074074074 0.8291666666666667 0.4324074074074074 0.8305555555555556 0.43333333333333335 0.83125 0.43333333333333335 0.8326388888888889 0.43425925925925923 0.8333333333333334 0.43425925925925923 0.8340277777777778 0.43333333333333335 0.8347222222222223 0.43333333333333335 0.8472222222222222 0.43425925925925923 0.8479166666666667 0.43425925925925923 0.8652777777777778 0.4351851851851852 0.8659722222222223 0.4351851851851852 0.8666666666666667 0.4361111111111111 0.8666666666666667 0.43703703703703706 0.8659722222222223 0.43703703703703706 0.8652777777777778 0.43796296296296294 0.8645833333333334 0.43796296296296294 0.8631944444444445 0.43703703703703706 0.8625 0.43703703703703706 0.8590277777777777 0.4361111111111111 0.8583333333333333 0.4361111111111111 0.8541666666666666 0.43703703703703706 0.8534722222222222 0.43703703703703706 0.84375 0.4361111111111111 0.8430555555555556 0.4361111111111111 0.8388888888888889 0.43703703703703706 0.8381944444444445 0.43703703703703706 0.8361111111111111 0.4361111111111111 0.8354166666666667 0.4361111111111111 0.8284722222222223 0.4351851851851852 0.8277777777777777
0 0.43425925925925923 0.8201388888888889 0.43425925925925923 0.8208333333333333 0.43333333333333335 0.8215277777777777 0.43333333333333335 0.8229166666666666 0.43425925925925923 0.8236111111111111 0.4351851851851852 0.8236111111111111 0.4351851851851852 0.8208333333333333
0 0.43148148148148147 0.7972222222222223 0.43148148148148147 0.7979166666666667 0.4305555555555556 0.7986111111111112 0.43148148148148147 0.7993055555555556 0.43148148148148147 0.8055555555555556 0.4305555555555556 0.80625 0.4305555555555556 0.8111111111111111 0.43148148148148147 0.8118055555555556 0.43148148148148147 0.8125 0.43333333333333335 0.8125 0.43425925925925923 0.8131944444444444 0.4351851851851852 0.8125 0.4351851851851852 0.8104166666666667 0.4361111111111111 0.8097222222222222 0.4361111111111111 0.8048611111111111 0.4351851851851852 0.8041666666666667 0.4351851851851852 0.8034722222222223 0.43425925925925923 0.8034722222222223 0.4324074074074074 0.8020833333333334 0.43425925925925923 0.8006944444444445 0.43425925925925923 0.8 0.4351851851851852 0.7993055555555556 0.4351851851851852 0.7986111111111112 0.43425925925925923 0.7979166666666667 0.43333333333333335 0.7979166666666667 0.4324074074074074 0.7972222222222223
0 0.4546296296296296 0.7861111111111111 0.4546296296296296 0.7930555555555555 0.4537037037037037 0.79375 0.4546296296296296 0.7944444444444444 0.4546296296296296 0.7951388888888888 0.45925925925925926 0.7951388888888888 0.4601851851851852 0.7944444444444444 0.4601851851851852 0.7923611111111111 0.45925925925925926 0.7916666666666666 0.45925925925925926 0.7895833333333333 0.4583333333333333 0.7895833333333333 0.45740740740740743 0.7888888888888889 0.4564814814814815 0.7888888888888889 0.45555555555555555 0.7881944444444444 0.45555555555555555 0.7868055555555555
0 0.4546296296296296 0.76875 0.4537037037037037 0.7694444444444445 0.4537037037037037 0.7729166666666667 0.4527777777777778 0.7736111111111111 0.4527777777777778 0.7770833333333333 0.4537037037037037 0.7777777777777778 0.4537037037037037 0.7805555555555556 0.45555555555555555 0.7805555555555556 0.45555555555555555 0.7784722222222222 0.4564814814814815 0.7777777777777778 0.4564814814814815 0.7736111111111111 0.45555555555555555 0.7729166666666667 0.45555555555555555 0.7694444444444445
0 0.42777777777777776 0.7652777777777777 0.42685185185185187 0.7659722222222223 0.42592592592592593 0.7659722222222223 0.42592592592592593 0.7666666666666667 0.425 0.7673611111111112 0.425 0.7680555555555556 0.42592592592592593 0.76875 0.42592592592592593 0.7701388888888889 0.42685185185185187 0.7708333333333334 0.42685185185185187 0.7729166666666667 0.42592592592592593 0.7736111111111111 0.42592592592592593 0.775 0.42685185185185187 0.7756944444444445 0.42685185185185187 0.7777777777777778 0.42777777777777776 0.7784722222222222 0.42777777777777776 0.7826388888888889 0.4287037037037037 0.7833333333333333 0.4287037037037037 0.7840277777777778 0.42962962962962964 0.7847222222222222 0.42962962962962964 0.7875 0.4305555555555556 0.7881944444444444 0.4305555555555556 0.7895833333333333 0.43148148148148147 0.7902777777777777 0.43148148148148147 0.7909722222222222 0.4324074074074074 0.7916666666666666 0.4351851851851852 0.7916666666666666 0.4351851851851852 0.7895833333333333 0.4324074074074074 0.7875 0.4324074074074074 0.7784722222222222 0.4351851851851852 0.7763888888888889 0.4351851851851852 0.7743055555555556 0.4324074074074074 0.7722222222222223 0.4324074074074074 0.76875 0.43148148148148147 0.7680555555555556 0.43148148148148147 0.7673611111111112 0.42962962962962964 0.7659722222222223 0.4287037037037037 0.7659722222222223
0 0.41944444444444445 0.7041666666666667 0.4185185185185185 0.7048611111111112 0.4185185185185185 0.7166666666666667 0.41944444444444445 0.7173611111111111 0.41944444444444445 0.71875 0.4203703703703704 0.71875 0.4212962962962963 0.7180555555555556 0.4222222222222222 0.7180555555555556 0.42314814814814816 0.7173611111111111 0.43425925925925923 0.7173611111111111 0.4361111111111111 0.7159722222222222 0.4361111111111111 0.7111111111111111 0.4351851851851852 0.7104166666666667 0.4351851851851852 0.7097222222222223 0.43425925925925923 0.7090277777777778 0.43425925925925923 0.7083333333333334 0.43148148148148147 0.7083333333333334 0.42962962962962964 0.7097222222222223 0.4287037037037037 0.7097222222222223 0.42777777777777776 0.7104166666666667 0.42592592592592593 0.7104166666666667 0.42407407407407405 0.7118055555555556 0.42314814814814816 0.7118055555555556 0.4212962962962963 0.7104166666666667 0.4212962962962963 0.7097222222222223 0.4203703703703704 0.7090277777777778 0.4203703703703704 0.70625 0.41944444444444445 0.7055555555555556
0 0.4148148148148148 0.6708333333333333 0.4148148148148148 0.6729166666666667 0.41388888888888886 0.6736111111111112 0.41388888888888886 0.6743055555555556 0.4148148148148148 0.675 0.4148148148148148 0.6784722222222223 0.41388888888888886 0.6791666666666667 0.41388888888888886 0.6847222222222222 0.4148148148148148 0.6854166666666667 0.4148148148148148 0.6868055555555556 0.41574074074074074 0.6875 0.41574074074074074 0.6881944444444444 0.41759259259259257 0.6895833333333333 0.41759259259259257 0.6902777777777778 0.4185185185185185 0.6909722222222222 0.4185185185185185 0.6923611111111111 0.41944444444444445 0.6930555555555555 0.41944444444444445 0.6965277777777777 0.4203703703703704 0.6972222222222222 0.4203703703703704 0.6979166666666666 0.4212962962962963 0.6986111111111111 0.4212962962962963 0.7 0.4222222222222222 0.7006944444444444 0.4222222222222222 0.7013888888888888 0.42314814814814816 0.7020833333333333 0.42407407407407405 0.7020833333333333 0.425 0.7013888888888888 0.42592592592592593 0.7013888888888888 0.42592592592592593 0.7006944444444444 0.42777777777777776 0.6993055555555555 0.42962962962962964 0.6993055555555555 0.4305555555555556 0.6986111111111111 0.43796296296296294 0.6986111111111111 0.43796296296296294 0.6965277777777777 0.4398148148148148 0.6951388888888889 0.4425925925925926 0.6972222222222222 0.4425925925925926 0.6965277777777777 0.44351851851851853 0.6958333333333333 0.44351851851851853 0.69375 0.4444444444444444 0.6930555555555555 0.4444444444444444 0.6923611111111111 0.44537037037037036 0.6916666666666667 0.44537037037037036 0.6888888888888889 0.4444444444444444 0.6881944444444444 0.44351851851851853 0.6881944444444444 0.4425925925925926 0.6875 0.44074074074074077 0.6875 0.4398148148148148 0.6881944444444444 0.4388888888888889 0.6881944444444444 0.43796296296296294 0.6875 0.4222222222222222 0.6875 0.4203703703703704 0.6861111111111111 0.4203703703703704 0.6729166666666667 0.41944444444444445 0.6722222222222223 0.41944444444444445 0.6715277777777777 0.4185185185185185 0.6708333333333333
0 0.4388888888888889 0.6451388888888889 0.4388888888888889 0.6479166666666667 0.43796296296296294 0.6486111111111111 0.43796296296296294 0.65625 0.4388888888888889 0.6569444444444444 0.4388888888888889 0.6659722222222222 0.43796296296296294 0.6666666666666666 0.43796296296296294 0.6701388888888888 0.4388888888888889 0.6708333333333333 0.4398148148148148 0.6708333333333333 0.44074074074074077 0.6701388888888888 0.44074074074074077 0.6666666666666666 0.4398148148148148 0.6659722222222222 0.4398148148148148 0.6604166666666667 0.4388888888888889 0.6597222222222222 0.4388888888888889 0.6583333333333333 0.4398148148148148 0.6576388888888889 0.4398148148148148 0.6555555555555556 0.44074074074074077 0.6548611111111111 0.44074074074074077 0.6506944444444445 0.4398148148148148 0.65 0.4398148148148148 0.6451388888888889
0 0.4388888888888889 0.6340277777777777 0.4388888888888889 0.6347222222222222 0.43796296296296294 0.6354166666666666 0.43796296296296294 0.6395833333333333 0.4388888888888889 0.6402777777777777 0.4388888888888889 0.6409722222222223 0.4398148148148148 0.6402777777777777 0.4398148148148148 0.6395833333333333 0.44074074074074077 0.6388888888888888 0.44074074074074077 0.6375 0.4398148148148148 0.6368055555555555 0.4398148148148148 0.6354166666666666 0.4388888888888889 0.6347222222222222
0 0.33796296296296297 0.6111111111111112 0.337037037037037 0.6118055555555556 0.337037037037037 0.6152777777777778 0.33796296296296297 0.6152777777777778 0.3388888888888889 0.6145833333333334 0.3388888888888889 0.6131944444444445 0.3398148148148148 0.6125 0.3398148148148148 0.6118055555555556 0.34074074074074073 0.6111111111111112
0 0.35185185185185186 0.6097222222222223 0.3509259259259259 0.6104166666666667 0.35 0.6104166666666667 0.3490740740740741 0.6111111111111112 0.3490740740740741 0.6125 0.3509259259259259 0.6138888888888889 0.3509259259259259 0.6145833333333334 0.35185185185185186 0.6145833333333334 0.3527777777777778 0.6152777777777778 0.3537037037037037 0.6145833333333334 0.35462962962962963 0.6145833333333334 0.35462962962962963 0.6138888888888889 0.3574074074074074 0.6118055555555556 0.3592592592592593 0.6118055555555556 0.36018518518518516 0.6111111111111112 0.362962962962963 0.6111111111111112 0.3638888888888889 0.6118055555555556 0.3648148148148148 0.6118055555555556 0.36574074074074076 0.6111111111111112 0.3685185185185185 0.6111111111111112 0.3685185185185185 0.6104166666666667 0.36666666666666664 0.6104166666666667 0.36574074074074076 0.6097222222222223 0.362962962962963 0.6097222222222223 0.36203703703703705 0.6104166666666667 0.35555555555555557 0.6104166666666667 0.35462962962962963 0.6097222222222223
0 0.4027777777777778 0.5618055555555556 0.40185185185185185 0.5625 0.40185185185185185 0.5944444444444444 0.4027777777777778 0.5951388888888889 0.4027777777777778 0.6020833333333333 0.40370370370370373 0.6027777777777777 0.40370370370370373 0.6048611111111111 0.40370370370370373 0.6041666666666666 0.4046296296296296 0.6034722222222222 0.4046296296296296 0.5888888888888889 0.40555555555555556 0.5881944444444445 0.40555555555555556 0.5777777777777777 0.4046296296296296 0.5770833333333333 0.4046296296296296 0.5638888888888889 0.40370370370370373 0.5631944444444444 0.40370370370370373 0.5625
0 0.4009259259259259 0.5548611111111111 0.4009259259259259 0.5576388888888889 0.4027777777777778 0.5576388888888889 0.4027777777777778 0.5569444444444445 0.40370370370370373 0.55625 0.4027777777777778 0.5555555555555556 0.40185185185185185 0.5555555555555556
0 0.4 0.5472222222222223 0.4 0.5506944444444445 0.4009259259259259 0.5513888888888889 0.4009259259259259 0.5506944444444445 0.4027777777777778 0.5493055555555556 0.4027777777777778 0.5486111111111112 0.4009259259259259 0.5472222222222223
0 0.37962962962962965 0.3590277777777778 0.3787037037037037 0.3597222222222222 0.3768518518518518 0.3597222222222222 0.3768518518518518 0.3625 0.37777777777777777 0.36319444444444443 0.37777777777777777 0.3638888888888889 0.38055555555555554 0.3659722222222222 0.38055555555555554 0.36736111111111114 0.3814814814814815 0.3680555555555556 0.3851851851851852 0.3680555555555556 0.3861111111111111 0.36875 0.38425925925925924 0.3701388888888889 0.3824074074074074 0.3701388888888889 0.3824074074074074 0.3736111111111111 0.38333333333333336 0.37430555555555556 0.38425925925925924 0.37430555555555556 0.3851851851851852 0.3736111111111111 0.3861111111111111 0.3736111111111111 0.38796296296296295 0.37222222222222223 0.38981481481481484 0.37222222222222223 0.3907407407407407 0.3729166666666667 0.3925925925925926 0.3729166666666667 0.39351851851851855 0.37222222222222223 0.39444444444444443 0.37222222222222223 0.39444444444444443 0.3715277777777778 0.39537037037037037 0.37083333333333335 0.39537037037037037 0.3701388888888889 0.3962962962962963 0.36944444444444446 0.39537037037037037 0.36875 0.39537037037037037 0.3680555555555556 0.39351851851851855 0.36666666666666664 0.39351851851851855 0.36180555555555555 0.39166666666666666 0.36041666666666666 0.38425925925925924 0.36041666666666666 0.38333333333333336 0.3597222222222222 0.3814814814814815 0.3597222222222222 0.38055555555555554 0.3590277777777778
0 0.3990740740740741 0.015277777777777777 0.39814814814814814 0.01597222222222222 0.3972222222222222 0.01597222222222222 0.3962962962962963 0.016666666666666666 0.39537037037037037 0.016666666666666666 0.3925925925925926 0.01875 0.3925925925925926 0.019444444444444445 0.39166666666666666 0.02013888888888889 0.39166666666666666 0.021527777777777778 0.3907407407407407 0.022222222222222223 0.3907407407407407 0.022916666666666665 0.38796296296296295 0.025 0.387037037037037 0.025 0.3851851851851852 0.02638888888888889 0.38425925925925924 0.02638888888888889 0.3787037037037037 0.030555555555555555 0.3787037037037037 0.03125 0.3768518518518518 0.03263888888888889 0.3768518518518518 0.034027777777777775 0.37592592592592594 0.034722222222222224 0.37592592592592594 0.04027777777777778 0.3768518518518518 0.04097222222222222 0.3768518518518518 0.041666666666666664 0.37777777777777777 0.04236111111111111 0.3787037037037037 0.04236111111111111 0.37962962962962965 0.043055555555555555 0.38425925925925924 0.043055555555555555 0.3851851851851852 0.04236111111111111 0.3861111111111111 0.04236111111111111 0.387037037037037 0.041666666666666664 0.38796296296296295 0.041666666666666664 0.3888888888888889 0.04097222222222222 0.3888888888888889 0.04027777777777778 0.38981481481481484 0.03958333333333333 0.38981481481481484 0.03888888888888889 0.39166666666666666 0.0375 0.39166666666666666 0.03680555555555556 0.39351851851851855 0.035416666666666666 0.39351851851851855 0.034722222222222224 0.3962962962962963 0.03263888888888889 0.3962962962962963 0.03194444444444444 0.3972222222222222 0.03125 0.3972222222222222 0.030555555555555555 0.4009259259259259 0.027777777777777776 0.4027777777777778 0.027777777777777776 0.40370370370370373 0.02847222222222222 0.4046296296296296 0.02847222222222222 0.4111111111111111 0.03333333333333333 0.41203703703703703 0.03333333333333333 0.4148148148148148 0.035416666666666666 0.4148148148148148 0.03680555555555556 0.41574074074074074 0.0375 0.4166666666666667 0.0375 0.41944444444444445 0.03958333333333333 0.41944444444444445 0.04027777777777778 0.42685185185185187 0.04583333333333333 0.42685185185185187 0.04652777777777778 0.42777777777777776 0.04722222222222222 0.42777777777777776 0.04791666666666667 0.4287037037037037 0.04861111111111111 0.4287037037037037 0.05347222222222222 0.42777777777777776 0.05416666666666667 0.42685185185185187 0.05416666666666667 0.4222222222222222 0.05763888888888889 0.4222222222222222 0.058333333333333334 0.4212962962962963 0.059027777777777776 0.4212962962962963 0.06041666666666667 0.4203703703703704 0.06111111111111111 0.4203703703703704 0.0625 0.41944444444444445 0.06319444444444444 0.41944444444444445 0.06458333333333334 0.4203703703703704 0.06527777777777778 0.4203703703703704 0.06597222222222222 0.4212962962962963 0.06666666666666667 0.4212962962962963 0.06736111111111111 0.42314814814814816 0.06875 0.42407407407407405 0.06875 0.425 0.06805555555555555 0.42592592592592593 0.06805555555555555 0.42777777777777776 0.06666666666666667 0.42777777777777776 0.06597222222222222 0.4287037037037037 0.06527777777777778 0.4287037037037037 0.06458333333333334 0.42962962962962964 0.06388888888888888 0.42962962962962964 0.06319444444444444 0.4324074074074074 0.06111111111111111 0.4324074074074074 0.06041666666666667 0.43333333333333335 0.059722222222222225 0.4351851851851852 0.059722222222222225 0.4398148148148148 0.06319444444444444 0.4398148148148148 0.0763888888888889 0.44074074074074077 0.07708333333333334 0.44074074074074077 0.08263888888888889 0.44166666666666665 0.08333333333333333 0.44166666666666665 0.08819444444444445 0.4425925925925926 0.08888888888888889 0.4425925925925926 0.09722222222222222 0.44351851851851853 0.09791666666666667 0.44351851851851853 0.10208333333333333 0.4444444444444444 0.10277777777777777 0.4444444444444444 0.11180555555555556 0.44537037037037036 0.1125 0.44537037037037036 0.11666666666666667 0.4462962962962963 0.11736111111111111 0.4462962962962963 0.1284722222222222 0.44722222222222224 0.12916666666666668 0.44722222222222224 0.1326388888888889 0.44814814814814813 0.13333333333333333 0.44814814814814813 0.1375 0.44907407407407407 0.13819444444444445 0.44907407407407407 0.13958333333333334 0.44814814814814813 0.14027777777777778 0.44814814814814813 0.1423611111111111 0.44907407407407407 0.14305555555555555 0.44907407407407407 0.1486111111111111 0.45 0.14930555555555555 0.45 0.15763888888888888 0.45092592592592595 0.15833333333333333 0.45092592592592595 0.16458333333333333 0.45185185185185184 0.16527777777777777 0.45185185185185184 0.17916666666666667 0.4527777777777778 0.1798611111111111 0.4527777777777778 0.19236111111111112 0.4537037037037037 0.19305555555555556 0.4537037037037037 0.20069444444444445 0.4546296296296296 0.2013888888888889 0.4546296296296296 0.20277777777777778 0.45555555555555555 0.20347222222222222 0.45555555555555555 0.20416666666666666 0.4564814814814815 0.2048611111111111 0.4564814814814815 0.20833333333333334 0.45555555555555555 0.20902777777777778 0.45555555555555555 0.2111111111111111 0.4564814814814815 0.21180555555555555 0.4564814814814815 0.21805555555555556 0.45740740740740743 0.21875 0.45740740740740743 0.22430555555555556 0.4583333333333333 0.225 0.4583333333333333 0.23333333333333334 0.45925925925925926 0.23402777777777778 0.45925925925925926 0.2423611111111111 0.4601851851851852 0.24305555555555555 0.4601851851851852 0.25069444444444444 0.46111111111111114 0.2513888888888889 0.46111111111111114 0.25972222222222224 0.462037037037037 0.2604166666666667 0.462037037037037 0.2701388888888889 0.46296296296296297 0.2708333333333333 0.46296296296296297 0.27569444444444446 0.4638888888888889 0.2763888888888889 0.4638888888888889 0.2861111111111111 0.4648148148148148 0.28680555555555554 0.4648148148148148 0.2916666666666667 0.46574074074074073 0.2923611111111111 0.46574074074074073 0.30277777777777776 0.4666666666666667 0.3034722222222222 0.4666666666666667 0.3104166666666667 0.4675925925925926 0.3111111111111111 0.4675925925925926 0.3215277777777778 0.4685185185185185 0.32222222222222224 0.4685185185185185 0.33611111111111114 0.46944444444444444 0.3368055555555556 0.46944444444444444 0.35208333333333336 0.4703703703703704 0.3527777777777778 0.4703703703703704 0.3659722222222222 0.47129629629629627 0.36666666666666664 0.47129629629629627 0.3729166666666667 0.4722222222222222 0.3736111111111111 0.4722222222222222 0.38263888888888886 0.47314814814814815 0.38333333333333336 0.47314814814814815 0.39166666666666666 0.4740740740740741 0.3923611111111111 0.4740740740740741 0.40069444444444446 0.475 0.4013888888888889 0.475 0.4111111111111111 0.4759259259259259 0.41180555555555554 0.4759259259259259 0.42083333333333334 0.47685185185185186 0.4215277777777778 0.47685185185185186 0.43333333333333335 0.4777777777777778 0.4340277777777778 0.4777777777777778 0.44583333333333336 0.4787037037037037 0.4465277777777778 0.4787037037037037 0.4597222222222222 0.47962962962962963 0.46041666666666664 0.47962962962962963 0.46805555555555556 0.48055555555555557 0.46875 0.48055555555555557 0.475 0.48148148148148145 0.4756944444444444 0.48148148148148145 0.4888888888888889 0.4824074074074074 0.4895833333333333 0.4824074074074074 0.5020833333333333 0.48333333333333334 0.5027777777777778 0.48333333333333334 0.5118055555555555 0.4842592592592593 0.5125 0.4842592592592593 0.5243055555555556 0.48518518518518516 0.525 0.48518518518518516 0.5395833333333333 0.4861111111111111 0.5402777777777777 0.4861111111111111 0.5458333333333333 0.48703703703703705 0.5465277777777777 0.48703703703703705 0.5513888888888889 0.487962962962963 0.5520833333333334 0.487962962962963 0.5555555555555556 0.4888888888888889 0.55625 0.4888888888888889 0.5590277777777778 0.487962962962963 0.5597222222222222 0.487962962962963 0.5604166666666667 0.4888888888888889 0.5611111111111111 0.4888888888888889 0.5666666666666667 0.487962962962963 0.5673611111111111 0.4888888888888889 0.5680555555555555 0.4888888888888889 0.5743055555555555 0.4898148148148148 0.575 0.4898148148148148 0.5784722222222223 0.4888888888888889 0.5791666666666667 0.4888888888888889 0.5798611111111112 0.4898148148148148 0.5805555555555556 0.4898148148148148 0.5979166666666667 0.49074074074074076 0.5986111111111111 0.49074074074074076 0.6111111111111112 0.49166666666666664 0.6118055555555556 0.49166666666666664 0.6229166666666667 0.4925925925925926 0.6236111111111111 0.4925925925925926 0.6326388888888889 0.4935185185185185 0.6333333333333333 0.4935185185185185 0.6402777777777777 0.49444444444444446 0.6409722222222223 0.49444444444444446 0.6506944444444445 0.49537037037037035 0.6513888888888889 0.49537037037037035 0.6604166666666667 0.4962962962962963 0.6611111111111111 0.4962962962962963 0.6729166666666667 0.49722222222222223 0.6736111111111112 0.49722222222222223 0.6777777777777778 0.4981481481481482 0.6784722222222223 0.4981481481481482 0.6798611111111111 0.49907407407407406 0.6805555555555556 0.49907407407407406 0.6958333333333333 0.5 0.6965277777777777 0.5 0.7173611111111111 0.5009259259259259 0.7180555555555556 0.5009259259259259 0.7270833333333333 0.5018518518518519 0.7277777777777777 0.5018518518518519 0.7368055555555556 0.5027777777777778 0.7375 0.5027777777777778 0.7479166666666667 0.5037037037037037 0.7486111111111111 0.5037037037037037 0.7513888888888889 0.5046296296296297 0.7520833333333333 0.5046296296296297 0.7527777777777778 0.5037037037037037 0.7534722222222222 0.5037037037037037 0.75625 0.5046296296296297 0.7569444444444444 0.5046296296296297 0.7666666666666667 0.5055555555555555 0.7673611111111112 0.5055555555555555 0.775 0.5064814814814815 0.7756944444444445 0.5064814814814815 0.7798611111111111 0.5055555555555555 0.7805555555555556 0.5055555555555555 0.7902777777777777 0.5064814814814815 0.7909722222222222 0.5064814814814815 0.8118055555555556 0.5074074074074074 0.8125 0.5074074074074074 0.8291666666666667 0.5083333333333333 0.8298611111111112 0.5083333333333333 0.8430555555555556 0.5092592592592593 0.84375 0.5092592592592593 0.8548611111111111 0.5101851851851852 0.8555555555555555 0.5101851851851852 0.8743055555555556 0.5111111111111111 0.875 0.5111111111111111 0.8847222222222222 0.5120370370370371 0.8854166666666666 0.5120370370370371 0.8861111111111111 0.5111111111111111 0.8868055555555555 0.5111111111111111 0.8875 0.5120370370370371 0.8881944444444444 0.5120370370370371 0.8965277777777778 0.512962962962963 0.8972222222222223 0.512962962962963 0.9048611111111111 0.5138888888888888 0.9055555555555556 0.5138888888888888 0.9125 0.5148148148148148 0.9131944444444444 0.5148148148148148 0.9270833333333334 0.5157407407407407 0.9277777777777778 0.5157407407407407 0.9451388888888889 0.5166666666666667 0.9458333333333333 0.5166666666666667 0.9583333333333334 0.5175925925925926 0.9590277777777778 0.5175925925925926 0.9638888888888889 0.5185185185185185 0.9645833333333333 0.5185185185185185 0.9708333333333333 0.5194444444444445 0.9715277777777778 0.5194444444444445 0.9784722222222222 0.5203703703703704 0.9791666666666666 0.5203703703703704 0.9854166666666667 0.5212962962962963 0.9861111111111112 0.5212962962962963 0.9916666666666667 0.5222222222222223 0.9923611111111111 0.5222222222222223 0.9993055555555556 0.6157407407407407 0.9993055555555556 0.6157407407407407 0.9979166666666667 0.6148148148148148 0.9972222222222222 0.6148148148148148 0.99375 0.6138888888888889 0.9930555555555556 0.6148148148148148 0.9923611111111111 0.6148148148148148 0.9902777777777778 0.6138888888888889 0.9895833333333334 0.6138888888888889 0.9861111111111112 0.6129629629629629 0.9854166666666667 0.6129629629629629 0.9777777777777777 0.612037037037037 0.9770833333333333 0.612037037037037 0.9694444444444444 0.6111111111111112 0.96875 0.6111111111111112 0.9638888888888889 0.6101851851851852 0.9631944444444445 0.6101851851851852 0.9597222222222223 0.6092592592592593 0.9590277777777778 0.6092592592592593 0.9506944444444444 0.6083333333333333 0.95 0.6083333333333333 0.9451388888888889 0.6074074074074074 0.9444444444444444 0.6074074074074074 0.9381944444444444 0.6064814814814815 0.9375 0.6064814814814815 0.9326388888888889 0.6055555555555555 0.9319444444444445 0.6055555555555555 0.9256944444444445 0.6046296296296296 0.925 0.6046296296296296 0.9194444444444444 0.6037037037037037 0.91875 0.6037037037037037 0.9131944444444444 0.6027777777777777 0.9125 0.6027777777777777 0.9041666666666667 0.6018518518518519 0.9034722222222222 0.6018518518518519 0.9013888888888889 0.600925925925926 0.9006944444444445 0.600925925925926 0.8965277777777778 0.6 0.8958333333333334 0.6 0.8923611111111112 0.5990740740740741 0.8916666666666667 0.5990740740740741 0.8875 0.5981481481481481 0.8868055555555555 0.5981481481481481 0.8854166666666666 0.5972222222222222 0.8847222222222222 0.5972222222222222 0.8819444444444444 0.5981481481481481 0.88125 0.5972222222222222 0.8805555555555555 0.5972222222222222 0.8777777777777778 0.5962962962962963 0.8770833333333333 0.5962962962962963 0.8701388888888889 0.5953703703703703 0.8694444444444445 0.5953703703703703 0.8548611111111111 0.5944444444444444 0.8541666666666666 0.5944444444444444 0.8451388888888889 0.5935185185185186 0.8444444444444444 0.5944444444444444 0.84375 0.5944444444444444 0.8423611111111111 0.5935185185185186 0.8416666666666667 0.5935185185185186 0.8361111111111111 0.5925925925925926 0.8354166666666667 0.5925925925925926 0.8284722222222223 0.5916666666666667 0.8277777777777777 0.5916666666666667 0.8215277777777777 0.5907407407407408 0.8208333333333333 0.5907407407407408 0.8159722222222222 0.5898148148148148 0.8152777777777778 0.5898148148148148 0.8104166666666667 0.5888888888888889 0.8097222222222222 0.5888888888888889 0.8055555555555556 0.5879629629629629 0.8048611111111111 0.5879629629629629 0.7979166666666667 0.587037037037037 0.7972222222222223 0.587037037037037 0.7923611111111111 0.5861111111111111 0.7916666666666666 0.5861111111111111 0.7854166666666667 0.5851851851851851 0.7847222222222222 0.5851851851851851 0.7777777777777778 0.5842592592592593 0.7770833333333333 0.5842592592592593 0.7708333333333334 0.5833333333333334 0.7701388888888889 0.5833333333333334 0.7659722222222223 0.5824074074074074 0.7652777777777777 0.5824074074074074 0.7590277777777777 0.5814814814814815 0.7583333333333333 0.5814814814814815 0.7513888888888889 0.5805555555555556 0.7506944444444444 0.5805555555555556 0.7458333333333333 0.5796296296296296 0.7451388888888889 0.5796296296296296 0.7416666666666667 0.5787037037037037 0.7409722222222223 0.5787037037037037 0.7368055555555556 0.5777777777777777 0.7361111111111112 0.5777777777777777 0.7340277777777777 0.5787037037037037 0.7333333333333333 0.5787037037037037 0.7326388888888888 0.5777777777777777 0.7319444444444444 0.5777777777777777 0.7284722222222222 0.5768518518518518 0.7277777777777777 0.5768518518518518 0.7215277777777778 0.575925925925926 0.7208333333333333 0.575925925925926 0.7152777777777778 0.575 0.7145833333333333 0.575 0.7090277777777778 0.5740740740740741 0.7083333333333334 0.5740740740740741 0.7027777777777777 0.5731481481481482 0.7020833333333333 0.5731481481481482 0.6979166666666666 0.5722222222222222 0.6972222222222222 0.5722222222222222 0.6909722222222222 0.5712962962962963 0.6902777777777778 0.5712962962962963 0.6833333333333333 0.5703703703703704 0.6826388888888889 0.5703703703703704 0.6770833333333334 0.5694444444444444 0.6763888888888889 0.5694444444444444 0.6701388888888888 0.5685185185185185 0.6694444444444444 0.5685185185185185 0.6645833333333333 0.5675925925925925 0.6638888888888889 0.5675925925925925 0.6576388888888889 0.5666666666666667 0.6569444444444444 0.5666666666666667 0.6527777777777778 0.5657407407407408 0.6520833333333333 0.5657407407407408 0.6479166666666667 0.5648148148148148 0.6472222222222223 0.5648148148148148 0.6430555555555556 0.5638888888888889 0.6423611111111112 0.5638888888888889 0.6354166666666666 0.562962962962963 0.6347222222222222 0.562962962962963 0.6305555555555555 0.562037037037037 0.6298611111111111 0.562037037037037 0.6215277777777778 0.5611111111111111 0.6208333333333333 0.5611111111111111 0.6159722222222223 0.5601851851851852 0.6152777777777778 0.5601851851851852 0.6076388888888888 0.5592592592592592 0.6069444444444444 0.5592592592592592 0.6027777777777777 0.5583333333333333 0.6020833333333333 0.5583333333333333 0.5972222222222222 0.5574074074074075 0.5965277777777778 0.5574074074074075 0.5902777777777778 0.5564814814814815 0.5895833333333333 0.5564814814814815 0.5854166666666667 0.5555555555555556 0.5847222222222223 0.5555555555555556 0.5777777777777777 0.5546296296296296 0.5770833333333333 0.5546296296296296 0.5722222222222222 0.5537037037037037 0.5715277777777777 0.5537037037037037 0.5652777777777778 0.5527777777777778 0.5645833333333333 0.5527777777777778 0.5576388888888889 0.5518518518518518 0.5569444444444445 0.5518518518518518 0.5513888888888889 0.5509259259259259 0.5506944444444445 0.5509259259259259 0.5444444444444444 0.55 0.54375 0.55 0.5395833333333333 0.549074074074074 0.5388888888888889 0.549074074074074 0.5361111111111111 0.5481481481481482 0.5354166666666667 0.5481481481481482 0.5305555555555556 0.549074074074074 0.5298611111111111 0.549074074074074 0.5284722222222222 0.5481481481481482 0.5277777777777778 0.5481481481481482 0.5256944444444445 0.5472222222222223 0.525 0.5472222222222223 0.5215277777777778 0.5462962962962963 0.5208333333333334 0.5462962962962963 0.5145833333333333 0.5453703703703704 0.5138888888888888 0.5453703703703704 0.5090277777777777 0.5444444444444444 0.5083333333333333 0.5444444444444444 0.5020833333333333 0.5435185185185185 0.5013888888888889 0.5435185185185185 0.4951388888888889 0.5425925925925926 0.49444444444444446 0.5425925925925926 0.49027777777777776 0.5416666666666666 0.4895833333333333 0.5416666666666666 0.4826388888888889 0.5407407407407407 0.48194444444444445 0.5407407407407407 0.4777777777777778 0.5398148148148149 0.47708333333333336 0.5398148148148149 0.47152777777777777 0.5388888888888889 0.4708333333333333 0.5388888888888889 0.46319444444444446 0.537962962962963 0.4625 0.537962962962963 0.4576388888888889 0.5370370370370371 0.45694444444444443 0.5370370370370371 0.4527777777777778 0.5361111111111111 0.45208333333333334 0.5361111111111111 0.4479166666666667 0.5351851851851852 0.44722222222222224 0.5351851851851852 0.44375 0.5342592592592592 0.44305555555555554 0.5342592592592592 0.4388888888888889 0.5333333333333333 0.43819444444444444 0.5333333333333333 0.43194444444444446 0.5324074074074074 0.43125 0.5324074074074074 0.4263888888888889 0.5314814814814814 0.42569444444444443 0.5314814814814814 0.4222222222222222 0.5305555555555556 0.4215277777777778 0.5305555555555556 0.41597222222222224 0.5296296296296297 0.4152777777777778 0.5296296296296297 0.41041666666666665 0.5287037037037037 0.4097222222222222 0.5287037037037037 0.4048611111111111 0.5277777777777778 0.4041666666666667 0.5277777777777778 0.40069444444444446 0.5268518518518519 0.4 0.5268518518518519 0.39444444444444443 0.5259259259259259 0.39375 0.5259259259259259 0.38819444444444445 0.525 0.3875 0.525 0.38263888888888886 0.524074074074074 0.3819444444444444 0.524074074074074 0.3763888888888889 0.5231481481481481 0.37569444444444444 0.5231481481481481 0.3680555555555556 0.5222222222222223 0.36736111111111114 0.5222222222222223 0.3625 0.5212962962962963 0.36180555555555555 0.5212962962962963 0.35555555555555557 0.5203703703703704 0.3548611111111111 0.5203703703703704 0.35 0.5194444444444445 0.34930555555555554 0.5194444444444445 0.34444444444444444 0.5185185185185185 0.34375 0.5185185185185185 0.3375 0.5175925925925926 0.3368055555555556 0.5175925925925926 0.33194444444444443 0.5166666666666667 0.33125 0.5166666666666667 0.32430555555555557 0.5157407407407407 0.3236111111111111 0.5157407407407407 0.3173611111111111 0.5148148148148148 0.31666666666666665 0.5148148148148148 0.3104166666666667 0.5138888888888888 0.30972222222222223 0.5138888888888888 0.30277777777777776 0.512962962962963 0.3020833333333333 0.512962962962963 0.2951388888888889 0.5120370370370371 0.29444444444444445 0.5120370370370371 0.29097222222222224 0.5111111111111111 0.2902777777777778 0.5111111111111111 0.28402777777777777 0.5101851851851852 0.2833333333333333 0.5101851851851852 0.2791666666666667 0.5092592592592593 0.27847222222222223 0.5092592592592593 0.27361111111111114 0.5083333333333333 0.27291666666666664 0.5083333333333333 0.2659722222222222 0.5074074074074074 0.2652777777777778 0.5074074074074074 0.2590277777777778 0.5064814814814815 0.25833333333333336 0.5064814814814815 0.2534722222222222 0.5055555555555555 0.25277777777777777 0.5055555555555555 0.24861111111111112 0.5046296296296297 0.24791666666666667 0.5046296296296297 0.24375 0.5037037037037037 0.24305555555555555 0.5037037037037037 0.2375 0.5027777777777778 0.23680555555555555 0.5027777777777778 0.23194444444444445 0.5018518518518519 0.23125 0.5018518518518519 0.22777777777777777 0.5009259259259259 0.22708333333333333 0.5009259259259259 0.22291666666666668 0.5 0.2222222222222222 0.5 0.21666666666666667 0.49907407407407406 0.21597222222222223 0.49907407407407406 0.2111111111111111 0.4981481481481482 0.21041666666666667 0.4981481481481482 0.2048611111111111 0.49722222222222223 0.20416666666666666 0.49722222222222223 0.2013888888888889 0.4962962962962963 0.20069444444444445 0.4962962962962963 0.19791666666666666 0.49537037037037035 0.19722222222222222 0.49537037037037035 0.18888888888888888 0.49444444444444446 0.18819444444444444 0.49444444444444446 0.18541666666666667 0.4935185185185185 0.18472222222222223 0.4935185185185185 0.18055555555555555 0.4925925925925926 0.1798611111111111 0.4925925925925926 0.17430555555555555 0.49166666666666664 0.1736111111111111 0.49166666666666664 0.16666666666666666 0.49074074074074076 0.16597222222222222 0.49074074074074076 0.16041666666666668 0.4898148148148148 0.1597222222222222 0.4898148148148148 0.15555555555555556 0.4888888888888889 0.15486111111111112 0.4888888888888889 0.15 0.487962962962963 0.14930555555555555 0.487962962962963 0.14444444444444443 0.48703703703703705 0.14375 0.48703703703703705 0.13819444444444445 0.4861111111111111 0.1375 0.4861111111111111 0.13333333333333333 0.48518518518518516 0.1326388888888889 0.48518518518518516 0.12777777777777777 0.4842592592592593 0.12708333333333333 0.4842592592592593 0.12361111111111112 0.48333333333333334 0.12291666666666666 0.48333333333333334 0.11805555555555555 0.4824074074074074 0.11736111111111111 0.4824074074074074 0.10972222222222222 0.48148148148148145 0.10902777777777778 0.48148148148148145 0.10486111111111111 0.48055555555555557 0.10416666666666667 0.48055555555555557 0.09583333333333334 0.47962962962962963 0.09513888888888888 0.47962962962962963 0.09305555555555556 0.4787037037037037 0.09236111111111112 0.4787037037037037 0.08888888888888889 0.47962962962962963 0.08819444444444445 0.47962962962962963 0.0875 0.48148148148148145 0.08611111111111111 0.4824074074074074 0.08611111111111111 0.4842592592592593 0.0875 0.4861111111111111 0.0875 0.48703703703703705 0.08819444444444445 0.487962962962963 0.08819444444444445 0.4888888888888889 0.08888888888888889 0.4898148148148148 0.08888888888888889 0.49074074074074076 0.08958333333333333 0.49537037037037035 0.08958333333333333 0.4962962962962963 0.08888888888888889 0.49722222222222223 0.08888888888888889 0.49722222222222223 0.08472222222222223 0.4962962962962963 0.08402777777777778 0.4962962962962963 0.08333333333333333 0.49537037037037035 0.08263888888888889 0.49537037037037035 0.08194444444444444 0.4935185185185185 0.08055555555555556 0.4935185185185185 0.0798611111111111 0.4861111111111111 0.07430555555555556 0.4861111111111111 0.07361111111111111 0.48518518518518516 0.07291666666666667 0.48518518518518516 0.07222222222222222 0.4842592592592593 0.07152777777777777 0.48333333333333334 0.07152777777777777 0.4824074074074074 0.07083333333333333 0.4824074074074074 0.07013888888888889 0.48148148148148145 0.07013888888888889 0.4777777777777778 0.06736111111111111 0.4777777777777778 0.06666666666666667 0.475 0.06458333333333334 0.475 0.06388888888888888 0.4703703703703704 0.06041666666666667 0.4703703703703704 0.059722222222222225 0.46944444444444444 0.059027777777777776 0.46944444444444444 0.058333333333333334 0.4685185185185185 0.05763888888888889 0.4685185185185185 0.05694444444444444 0.4666666666666667 0.05555555555555555 0.4666666666666667 0.05486111111111111 0.46574074074074073 0.05486111111111111 0.45925925925925926 0.05 0.45925925925925926 0.049305555555555554 0.4583333333333333 0.049305555555555554 0.4564814814814815 0.04791666666666667 0.45555555555555555 0.04791666666666667 0.4546296296296296 0.04722222222222222 0.45092592592592595 0.04722222222222222 0.45 0.04652777777777778 0.44814814814814813 0.04652777777777778 0.4351851851851852 0.03680555555555556 0.4351851851851852 0.03611111111111111 0.43425925925925923 0.035416666666666666 0.43425925925925923 0.034722222222222224 0.4324074074074074 0.034722222222222224 0.42592592592592593 0.029861111111111113 0.42592592592592593 0.029166666666666667 0.425 0.02847222222222222 0.42407407407407405 0.02847222222222222 0.41944444444444445 0.025 0.41944444444444445 0.024305555555555556 0.4166666666666667 0.024305555555555556 0.4111111111111111 0.02013888888888889 0.4111111111111111 0.019444444444444445 0.4074074074074074 0.016666666666666666 0.4064814814814815 0.016666666666666666 0.40555555555555556 0.01597222222222222 0.4046296296296296 0.01597222222222222 0.40370370370370373 0.015277777777777777
