0 0.5638888888888889 0.8229166666666666 0.562962962962963 0.8236111111111111 0.562962962962963 0.8347222222222223 0.5638888888888889 0.8354166666666667 0.5638888888888889 0.8430555555555556 0.5648148148148148 0.84375 0.5648148148148148 0.8444444444444444 0.5657407407407408 0.8451388888888889 0.5657407407407408 0.8458333333333333 0.5666666666666667 0.8465277777777778 0.5666666666666667 0.8486111111111111 0.5675925925925925 0.8493055555555555 0.5675925925925925 0.8513888888888889 0.5685185185185185 0.8520833333333333 0.5685185185185185 0.8541666666666666 0.5694444444444444 0.8548611111111111 0.5694444444444444 0.8583333333333333 0.5703703703703704 0.8590277777777777 0.5703703703703704 0.8625 0.5712962962962963 0.8631944444444445 0.5712962962962963 0.8680555555555556 0.5722222222222222 0.86875 0.5722222222222222 0.8722222222222222 0.5731481481481482 0.8729166666666667 0.5731481481481482 0.8736111111111111 0.5740740740740741 0.8743055555555556 0.5740740740740741 0.8756944444444444 0.575 0.8763888888888889 0.575 0.8798611111111111 0.575925925925926 0.8805555555555555 0.575925925925926 0.8819444444444444 0.5768518518518518 0.8826388888888889 0.5768518518518518 0.8833333333333333 0.5777777777777777 0.8840277777777777 0.5777777777777777 0.8902777777777777 0.5787037037037037 0.8909722222222223 0.5787037037037037 0.8965277777777778 0.5796296296296296 0.8972222222222223 0.5796296296296296 0.8993055555555556 0.5805555555555556 0.9 0.5805555555555556 0.9048611111111111 0.5814814814814815 0.9055555555555556 0.5814814814814815 0.90625 0.5824074074074074 0.9069444444444444 0.5824074074074074 0.9076388888888889 0.5833333333333334 0.9083333333333333 0.5833333333333334 0.9097222222222222 0.5842592592592593 0.9104166666666667 0.5842592592592593 0.9118055555555555 0.5851851851851851 0.9125 0.5851851851851851 0.9152777777777777 0.5861111111111111 0.9159722222222222 0.5861111111111111 0.9222222222222223 0.587037037037037 0.9229166666666667 0.587037037037037 0.9277777777777778 0.5879629629629629 0.9284722222222223 0.5879629629629629 0.9298611111111111 0.5888888888888889 0.9305555555555556 0.5888888888888889 0.9326388888888889 0.5898148148148148 0.9333333333333333 0.5898148148148148 0.9361111111111111 0.5907407407407408 0.9368055555555556 0.5907407407407408 0.9402777777777778 0.5916666666666667 0.9409722222222222 0.5916666666666667 0.9430555555555555 0.5925925925925926 0.94375 0.5925925925925926 0.9444444444444444 0.5935185185185186 0.9451388888888889 0.5935185185185186 0.9506944444444444 0.5944444444444444 0.9513888888888888 0.5944444444444444 0.9534722222222223 0.5953703703703703 0.9541666666666667 0.5953703703703703 0.9576388888888889 0.5962962962962963 0.9583333333333334 0.5962962962962963 0.9590277777777778 0.5972222222222222 0.9597222222222223 0.5972222222222222 0.9604166666666667 0.5981481481481481 0.9611111111111111 0.5981481481481481 0.9625 0.5990740740740741 0.9631944444444445 0.5990740740740741 0.9680555555555556 0.6 0.96875 0.6 0.9701388888888889 0.600925925925926 0.9708333333333333 0.600925925925926 0.9736111111111111 0.6018518518518519 0.9743055555555555 0.6018518518518519 0.9770833333333333 0.6027777777777777 0.9777777777777777 0.6027777777777777 0.9840277777777777 0.6037037037037037 0.9847222222222223 0.6037037037037037 0.9854166666666667 0.6046296296296296 0.9861111111111112 0.6046296296296296 0.9875 0.6055555555555555 0.9881944444444445 0.6055555555555555 0.9902777777777778 0.6064814814814815 0.9909722222222223 0.6064814814814815 0.9930555555555556 0.6074074074074074 0.99375 0.6074074074074074 0.9951388888888889 0.6083333333333333 0.9958333333333333 0.6083333333333333 0.9965277777777778 0.6092592592592593 0.9972222222222222 0.6092592592592593 0.9993055555555556 0.612037037037037 0.9993055555555556 0.612037037037037 0.9986111111111111 0.6111111111111112 0.9979166666666667 0.6111111111111112 0.99375 0.6101851851851852 0.9930555555555556 0.6101851851851852 0.9923611111111111 0.6092592592592593 0.9916666666666667 0.6092592592592593 0.9909722222222223 0.6083333333333333 0.9902777777777778 0.6083333333333333 0.9875 0.6074074074074074 0.9868055555555556 0.6074074074074074 0.9833333333333333 0.6064814814814815 0.9826388888888888 0.6064814814814815 0.9770833333333333 0.6055555555555555 0.9763888888888889 0.6055555555555555 0.9743055555555555 0.6046296296296296 0.9736111111111111 0.6046296296296296 0.9701388888888889 0.6037037037037037 0.9694444444444444 0.6037037037037037 0.9645833333333333 0.6027777777777777 0.9638888888888889 0.6027777777777777 0.9625 0.6018518518518519 0.9618055555555556 0.6018518518518519 0.9611111111111111 0.600925925925926 0.9604166666666667 0.600925925925926 0.9590277777777778 0.6 0.9583333333333334 0.6 0.9513888888888888 0.5990740740740741 0.9506944444444444 0.5990740740740741 0.9472222222222222 0.5981481481481481 0.9465277777777777 0.5981481481481481 0.9458333333333333 0.5972222222222222 0.9451388888888889 0.5972222222222222 0.94375 0.5962962962962963 0.9430555555555555 0.5962962962962963 0.9402777777777778 0.5953703703703703 0.9395833333333333 0.5953703703703703 0.9340277777777778 0.5944444444444444 0.9333333333333333 0.5944444444444444 0.9319444444444445 0.5925925925925926 0.9305555555555556 0.5925925925925926 0.9291666666666667 0.5916666666666667 0.9284722222222223 0.5916666666666667 0.9236111111111112 0.5907407407407408 0.9229166666666667 0.5907407407407408 0.9201388888888888 0.5898148148148148 0.9194444444444444 0.5898148148148148 0.9159722222222222 0.5888888888888889 0.9152777777777777 0.5888888888888889 0.9125 0.5879629629629629 0.9118055555555555 0.5879629629629629 0.9090277777777778 0.587037037037037 0.9083333333333333 0.587037037037037 0.9027777777777778 0.5861111111111111 0.9020833333333333 0.5861111111111111 0.9013888888888889 0.5851851851851851 0.9006944444444445 0.5851851851851851 0.8986111111111111 0.5842592592592593 0.8979166666666667 0.5842592592592593 0.8916666666666667 0.5833333333333334 0.8909722222222223 0.5833333333333334 0.8888888888888888 0.5824074074074074 0.8881944444444444 0.5824074074074074 0.8861111111111111 0.5814814814814815 0.8854166666666666 0.5814814814814815 0.8840277777777777 0.5805555555555556 0.8833333333333333 0.5805555555555556 0.8805555555555555 0.5796296296296296 0.8798611111111111 0.5796296296296296 0.8784722222222222 0.5787037037037037 0.8777777777777778 0.5787037037037037 0.8770833333333333 0.5777777777777777 0.8763888888888889 0.5777777777777777 0.8736111111111111 0.5768518518518518 0.8729166666666667 0.5768518518518518 0.8701388888888889 0.575925925925926 0.8694444444444445 0.575925925925926 0.8673611111111111 0.575 0.8666666666666667 0.575 0.8618055555555556 0.5740740740740741 0.8611111111111112 0.5740740740740741 0.8590277777777777 0.5731481481481482 0.8583333333333333 0.5731481481481482 0.8555555555555555 0.5722222222222222 0.8548611111111111 0.5722222222222222 0.8513888888888889 0.5712962962962963 0.8506944444444444 0.5712962962962963 0.8486111111111111 0.5694444444444444 0.8472222222222222 0.5694444444444444 0.8409722222222222 0.5685185185185185 0.8402777777777778 0.5685185185185185 0.8368055555555556 0.5675925925925925 0.8361111111111111 0.5675925925925925 0.8347222222222223 0.5666666666666667 0.8340277777777778 0.5666666666666667 0.8298611111111112 0.5657407407407408 0.8291666666666667 0.5657407407407408 0.8284722222222223 0.5648148148148148 0.8277777777777777 0.5648148148148148 0.8243055555555555 0.5638888888888889 0.8236111111111111
0 0.5175925925925926 0.6701388888888888 0.5175925925925926 0.6743055555555556 0.5185185185185185 0.675 0.5185185185185185 0.6756944444444445 0.5194444444444445 0.6763888888888889 0.5194444444444445 0.6770833333333334 0.5203703703703704 0.6777777777777778 0.5203703703703704 0.6840277777777778 0.5194444444444445 0.6847222222222222 0.5194444444444445 0.6916666666666667 0.5203703703703704 0.6923611111111111 0.5203703703703704 0.6930555555555555 0.5212962962962963 0.69375 0.5212962962962963 0.6944444444444444 0.5222222222222223 0.6951388888888889 0.5222222222222223 0.6958333333333333 0.5231481481481481 0.6965277777777777 0.5231481481481481 0.6986111111111111 0.524074074074074 0.6993055555555555 0.524074074074074 0.7013888888888888 0.525 0.7020833333333333 0.525 0.7027777777777777 0.5277777777777778 0.7048611111111112 0.5277777777777778 0.70625 0.5287037037037037 0.7069444444444445 0.5287037037037037 0.7090277777777778 0.5296296296296297 0.7097222222222223 0.5296296296296297 0.7145833333333333 0.5305555555555556 0.7152777777777778 0.5305555555555556 0.7180555555555556 0.5314814814814814 0.71875 0.5314814814814814 0.7243055555555555 0.5324074074074074 0.725 0.5324074074074074 0.7270833333333333 0.5333333333333333 0.7277777777777777 0.5333333333333333 0.7326388888888888 0.5342592592592592 0.7333333333333333 0.5342592592592592 0.7340277777777777 0.5351851851851852 0.7347222222222223 0.5351851851851852 0.7354166666666667 0.5361111111111111 0.7361111111111112 0.5361111111111111 0.7375 0.5370370370370371 0.7381944444444445 0.5370370370370371 0.7395833333333334 0.537962962962963 0.7402777777777778 0.537962962962963 0.74375 0.5388888888888889 0.7444444444444445 0.5388888888888889 0.7486111111111111 0.5398148148148149 0.7493055555555556 0.5398148148148149 0.75 0.5407407407407407 0.7506944444444444 0.5407407407407407 0.7555555555555555 0.5425925925925926 0.7569444444444444 0.5425925925925926 0.7576388888888889 0.5435185185185185 0.7583333333333333 0.5435185185185185 0.7604166666666666 0.5444444444444444 0.7611111111111111 0.5444444444444444 0.7645833333333333 0.5453703703703704 0.7652777777777777 0.5453703703703704 0.76875 0.5462962962962963 0.7694444444444445 0.5462962962962963 0.7715277777777778 0.5472222222222223 0.7722222222222223 0.5472222222222223 0.7736111111111111 0.5481481481481482 0.7743055555555556 0.5481481481481482 0.7798611111111111 0.549074074074074 0.7805555555555556 0.549074074074074 0.78125 0.5509259259259259 0.7826388888888889 0.5509259259259259 0.7833333333333333 0.5518518518518518 0.7840277777777778 0.5518518518518518 0.7854166666666667 0.5527777777777778 0.7854166666666667 0.5527777777777778 0.7756944444444445 0.5518518518518518 0.775 0.5518518518518518 0.7736111111111111 0.5509259259259259 0.7729166666666667 0.5509259259259259 0.7715277777777778 0.55 0.7708333333333334 0.55 0.7666666666666667 0.549074074074074 0.7659722222222223 0.549074074074074 0.7625 0.5481481481481482 0.7618055555555555 0.5481481481481482 0.7604166666666666 0.5472222222222223 0.7597222222222222 0.5472222222222223 0.7590277777777777 0.5453703703703704 0.7576388888888889 0.5453703703703704 0.75625 0.5444444444444444 0.7555555555555555 0.5444444444444444 0.7493055555555556 0.5435185185185185 0.7486111111111111 0.5435185185185185 0.74375 0.5425925925925926 0.7430555555555556 0.5425925925925926 0.7416666666666667 0.5416666666666666 0.7409722222222223 0.5416666666666666 0.7381944444444445 0.5407407407407407 0.7375 0.5407407407407407 0.7368055555555556 0.5398148148148149 0.7361111111111112 0.5398148148148149 0.7340277777777777 0.5388888888888889 0.7333333333333333 0.5388888888888889 0.73125 0.537962962962963 0.7305555555555555 0.537962962962963 0.7277777777777777 0.5370370370370371 0.7270833333333333 0.5370370370370371 0.7201388888888889 0.5361111111111111 0.7194444444444444 0.5361111111111111 0.71875 0.5351851851851852 0.7180555555555556 0.5351851851851852 0.7166666666666667 0.5342592592592592 0.7159722222222222 0.5342592592592592 0.7138888888888889 0.5333333333333333 0.7131944444444445 0.5333333333333333 0.7118055555555556 0.5324074074074074 0.7111111111111111 0.5324074074074074 0.7097222222222223 0.5305555555555556 0.7083333333333334 0.5305555555555556 0.7 0.5296296296296297 0.6993055555555555 0.5296296296296297 0.6881944444444444 0.5287037037037037 0.6875 0.5287037037037037 0.6868055555555556 0.5259259259259259 0.6847222222222222 0.5259259259259259 0.6840277777777778 0.524074074074074 0.6826388888888889 0.5231481481481481 0.6826388888888889 0.5222222222222223 0.6819444444444445 0.5222222222222223 0.6729166666666667 0.5203703703703704 0.6715277777777777 0.5194444444444445 0.6715277777777777
0 0.5138888888888888 0.65 0.5138888888888888 0.6506944444444445 0.5148148148148148 0.6513888888888889 0.5148148148148148 0.6569444444444444 0.5166666666666667 0.6583333333333333 0.5166666666666667 0.6625 0.5175925925925926 0.6631944444444444 0.5175925925925926 0.6590277777777778 0.5166666666666667 0.6583333333333333 0.5166666666666667 0.6576388888888889 0.5175925925925926 0.6569444444444444 0.5175925925925926 0.6520833333333333 0.5166666666666667 0.6513888888888889 0.5166666666666667 0.6506944444444445 0.5148148148148148 0.6506944444444445
0 0.5120370370370371 0.6416666666666667 0.5120370370370371 0.6423611111111112 0.512962962962963 0.6430555555555556 0.512962962962963 0.6444444444444445 0.512962962962963 0.6416666666666667
0 0.49722222222222223 0.5868055555555556 0.49722222222222223 0.5881944444444445 0.4981481481481482 0.5888888888888889 0.4981481481481482 0.5909722222222222 0.49907407407407406 0.5916666666666667 0.49907407407407406 0.5965277777777778 0.5 0.5972222222222222 0.5 0.6013888888888889 0.5009259259259259 0.6020833333333333 0.5009259259259259 0.6104166666666667 0.5018518518518519 0.6111111111111112 0.5018518518518519 0.6152777777777778 0.5037037037037037 0.6166666666666667 0.5037037037037037 0.6173611111111111 0.5046296296296297 0.6180555555555556 0.5046296296296297 0.6208333333333333 0.5055555555555555 0.6215277777777778 0.5055555555555555 0.6243055555555556 0.5064814814814815 0.625 0.5064814814814815 0.6256944444444444 0.5074074074074074 0.6263888888888889 0.5074074074074074 0.6291666666666667 0.5083333333333333 0.6298611111111111 0.5083333333333333 0.6326388888888889 0.5092592592592593 0.6333333333333333 0.5092592592592593 0.6388888888888888 0.5101851851851852 0.6395833333333333 0.5101851851851852 0.6388888888888888 0.5111111111111111 0.6381944444444444 0.5111111111111111 0.6305555555555555 0.5101851851851852 0.6298611111111111 0.5101851851851852 0.6277777777777778 0.5092592592592593 0.6270833333333333 0.5092592592592593 0.6222222222222222 0.5083333333333333 0.6215277777777778 0.5083333333333333 0.6208333333333333 0.5074074074074074 0.6201388888888889 0.5074074074074074 0.61875 0.5064814814814815 0.6180555555555556 0.5064814814814815 0.6097222222222223 0.5055555555555555 0.6090277777777777 0.5055555555555555 0.6027777777777777 0.5046296296296297 0.6020833333333333 0.5046296296296297 0.6013888888888889 0.5037037037037037 0.6006944444444444 0.5037037037037037 0.6 0.5027777777777778 0.5993055555555555 0.5027777777777778 0.5958333333333333 0.5018518518518519 0.5951388888888889 0.5018518518518519 0.5916666666666667 0.5009259259259259 0.5909722222222222 0.5009259259259259 0.5895833333333333 0.5 0.5895833333333333 0.4981481481481482 0.5881944444444445 0.4981481481481482 0.5868055555555556
0 0.4935185185185185 0.5673611111111111 0.4925925925925926 0.5680555555555555 0.4925925925925926 0.56875 0.4935185185185185 0.5694444444444444 0.4935185185185185 0.5770833333333333 0.49444444444444446 0.5777777777777777 0.49444444444444446 0.5784722222222223 0.49537037037037035 0.5784722222222223 0.4962962962962963 0.5791666666666667 0.4962962962962963 0.5805555555555556 0.49722222222222223 0.5805555555555556 0.49722222222222223 0.5791666666666667 0.4962962962962963 0.5791666666666667 0.49537037037037035 0.5784722222222223 0.49537037037037035 0.575 0.49444444444444446 0.5743055555555555 0.49444444444444446 0.5701388888888889 0.4935185185185185 0.5694444444444444
0 0.48148148148148145 0.5319444444444444 0.48148148148148145 0.5340277777777778 0.4824074074074074 0.5347222222222222 0.4824074074074074 0.5368055555555555 0.48333333333333334 0.5375 0.48333333333333334 0.5381944444444444 0.4842592592592593 0.5388888888888889 0.4842592592592593 0.5451388888888888 0.48518518518518516 0.5458333333333333 0.48518518518518516 0.5513888888888889 0.4861111111111111 0.5520833333333334 0.4861111111111111 0.5541666666666667 0.4888888888888889 0.55625 0.4888888888888889 0.5597222222222222 0.4898148148148148 0.5604166666666667 0.4898148148148148 0.5548611111111111 0.4888888888888889 0.5541666666666667 0.4888888888888889 0.5506944444444445 0.4898148148148148 0.55 0.4898148148148148 0.5486111111111112 0.4888888888888889 0.5479166666666667 0.4888888888888889 0.5472222222222223 0.487962962962963 0.5465277777777777 0.487962962962963 0.5458333333333333 0.48703703703703705 0.5451388888888888 0.48703703703703705 0.5416666666666666 0.4861111111111111 0.5409722222222222 0.4861111111111111 0.5368055555555555 0.48518518518518516 0.5361111111111111 0.48518518518518516 0.5354166666666667 0.4842592592592593 0.5354166666666667 0.48333333333333334 0.5347222222222222 0.48333333333333334 0.5340277777777778 0.4824074074074074 0.5333333333333333 0.4824074074074074 0.5319444444444444
0 0.42407407407407405 0.46458333333333335 0.4222222222222222 0.46597222222222223 0.4222222222222222 0.4673611111111111 0.425 0.4673611111111111 0.42685185185185187 0.46597222222222223 0.42592592592592593 0.46597222222222223
0 0.4425925925925926 0.39166666666666666 0.44166666666666665 0.3923611111111111 0.44166666666666665 0.39305555555555555 0.4425925925925926 0.39375 0.4425925925925926 0.39444444444444443 0.44351851851851853 0.39375 0.44351851851851853 0.39166666666666666
0 0.46296296296296297 0.3645833333333333 0.45740740740740743 0.36875 0.45740740740740743 0.3701388888888889 0.4564814814814815 0.37083333333333335 0.4564814814814815 0.3715277777777778 0.45555555555555555 0.37222222222222223 0.45555555555555555 0.37430555555555556 0.4564814814814815 0.375 0.4564814814814815 0.3770833333333333 0.45555555555555555 0.37777777777777777 0.45555555555555555 0.3784722222222222 0.4537037037037037 0.3798611111111111 0.4537037037037037 0.38125 0.4546296296296296 0.3819444444444444 0.4546296296296296 0.38263888888888886 0.45555555555555555 0.38333333333333336 0.45555555555555555 0.3854166666666667 0.4527777777777778 0.3875 0.4527777777777778 0.3902777777777778 0.45185185185185184 0.3909722222222222 0.45185185185185184 0.39166666666666666 0.45092592592592595 0.3923611111111111 0.45092592592592595 0.39444444444444443 0.44814814814814813 0.39652777777777776 0.4462962962962963 0.39652777777777776 0.44814814814814813 0.39791666666666664 0.44814814814814813 0.4 0.4462962962962963 0.4013888888888889 0.44537037037037036 0.4013888888888889 0.4444444444444444 0.40069444444444446 0.4444444444444444 0.39861111111111114 0.4425925925925926 0.39861111111111114 0.4425925925925926 0.40069444444444446 0.44351851851851853 0.4013888888888889 0.44351851851851853 0.40208333333333335 0.4444444444444444 0.4027777777777778 0.4444444444444444 0.4041666666666667 0.4462962962962963 0.40555555555555556 0.44722222222222224 0.40555555555555556 0.44814814814814813 0.40625 0.44722222222222224 0.40694444444444444 0.44722222222222224 0.41180555555555554 0.4462962962962963 0.4125 0.4462962962962963 0.4152777777777778 0.44537037037037036 0.41597222222222224 0.44537037037037036 0.42430555555555555 0.4444444444444444 0.425 0.4444444444444444 0.43194444444444446 0.44351851851851853 0.4326388888888889 0.44351851851851853 0.43680555555555556 0.4425925925925926 0.4375 0.4425925925925926 0.4513888888888889 0.44166666666666665 0.45208333333333334 0.44166666666666665 0.4527777777777778 0.4398148148148148 0.45416666666666666 0.43425925925925923 0.45416666666666666 0.43148148148148147 0.45625 0.4305555555555556 0.45555555555555555 0.4305555555555556 0.45069444444444445 0.42962962962962964 0.45 0.42962962962962964 0.44930555555555557 0.4287037037037037 0.4486111111111111 0.4287037037037037 0.44722222222222224 0.42777777777777776 0.4465277777777778 0.42777777777777776 0.44583333333333336 0.4222222222222222 0.44166666666666665 0.4222222222222222 0.4409722222222222 0.4212962962962963 0.44027777777777777 0.4212962962962963 0.4395833333333333 0.4185185185185185 0.4375 0.41574074074074074 0.4375 0.4148148148148148 0.43680555555555556 0.4148148148148148 0.4361111111111111 0.41388888888888886 0.4354166666666667 0.41388888888888886 0.4340277777777778 0.412962962962963 0.43333333333333335 0.412962962962963 0.43194444444444446 0.41203703703703703 0.43125 0.41203703703703703 0.4305555555555556 0.4111111111111111 0.42986111111111114 0.4111111111111111 0.42916666666666664 0.4101851851851852 0.42916666666666664 0.40925925925925927 0.4284722222222222 0.4083333333333333 0.4284722222222222 0.4046296296296296 0.42569444444444443 0.40370370370370373 0.42569444444444443 0.4027777777777778 0.4263888888888889 0.40185185185185185 0.4263888888888889 0.4 0.42777777777777776 0.4 0.43125 0.40185185185185185 0.4326388888888889 0.40185185185185185 0.43333333333333335 0.4027777777777778 0.4340277777777778 0.4027777777777778 0.43472222222222223 0.4046296296296296 0.4361111111111111 0.40555555555555556 0.4361111111111111 0.4074074074074074 0.4375 0.4074074074074074 0.4388888888888889 0.40925925925925927 0.44027777777777777 0.4101851851851852 0.44027777777777777 0.4111111111111111 0.4409722222222222 0.4111111111111111 0.44166666666666665 0.41203703703703703 0.4423611111111111 0.41203703703703703 0.44305555555555554 0.4148148148148148 0.44513888888888886 0.4148148148148148 0.44583333333333336 0.41574074074074074 0.4465277777777778 0.41574074074074074 0.44722222222222224 0.4185185185185185 0.44930555555555557 0.4185185185185185 0.45 0.4222222222222222 0.4527777777777778 0.4222222222222222 0.4534722222222222 0.42407407407407405 0.4548611111111111 0.42407407407407405 0.45555555555555555 0.4351851851851852 0.4638888888888889 0.4351851851851852 0.46458333333333335 0.4361111111111111 0.4652777777777778 0.4361111111111111 0.46597222222222223 0.43703703703703706 0.4666666666666667 0.43703703703703706 0.4708333333333333 0.43796296296296294 0.47152777777777777 0.43796296296296294 0.475 0.43703703703703706 0.4756944444444444 0.43703703703703706 0.4965277777777778 0.4361111111111111 0.49722222222222223 0.4361111111111111 0.5097222222222222 0.4351851851851852 0.5104166666666666 0.4351851851851852 0.5180555555555556 0.43425925925925923 0.51875 0.43425925925925923 0.5291666666666667 0.43333333333333335 0.5298611111111111 0.43333333333333335 0.5388888888888889 0.4324074074074074 0.5395833333333333 0.4324074074074074 0.54375 0.43148148148148147 0.5444444444444444 0.43148148148148147 0.5513888888888889 0.4305555555555556 0.5520833333333334 0.4305555555555556 0.5659722222222222 0.42962962962962964 0.5666666666666667 0.42962962962962964 0.5791666666666667 0.4287037037037037 0.5798611111111112 0.4287037037037037 0.5944444444444444 0.42777777777777776 0.5951388888888889 0.42777777777777776 0.6055555555555555 0.42685185185185187 0.60625 0.42685185185185187 0.6194444444444445 0.42592592592592593 0.6201388888888889 0.42592592592592593 0.6256944444444444 0.425 0.6263888888888889 0.425 0.6347222222222222 0.42407407407407405 0.6354166666666666 0.42407407407407405 0.6402777777777777 0.42314814814814816 0.6409722222222223 0.42314814814814816 0.6520833333333333 0.4222222222222222 0.6527777777777778 0.4222222222222222 0.6659722222222222 0.4212962962962963 0.6666666666666666 0.4212962962962963 0.6763888888888889 0.4203703703703704 0.6770833333333334 0.4203703703703704 0.6909722222222222 0.41944444444444445 0.6916666666666667 0.41944444444444445 0.7048611111111112 0.4185185185185185 0.7055555555555556 0.4185185185185185 0.7125 0.41759259259259257 0.7131944444444445 0.41759259259259257 0.7215277777777778 0.4166666666666667 0.7222222222222222 0.4166666666666667 0.7291666666666666 0.41574074074074074 0.7298611111111111 0.41574074074074074 0.7333333333333333 0.4148148148148148 0.7340277777777777 0.4148148148148148 0.7416666666666667 0.41388888888888886 0.7423611111111111 0.41388888888888886 0.7527777777777778 0.412962962962963 0.7534722222222222 0.412962962962963 0.7631944444444444 0.41203703703703703 0.7638888888888888 0.41203703703703703 0.7722222222222223 0.4111111111111111 0.7729166666666667 0.4111111111111111 0.78125 0.4101851851851852 0.7819444444444444 0.4101851851851852 0.7916666666666666 0.40925925925925927 0.7923611111111111 0.40925925925925927 0.7972222222222223 0.4083333333333333 0.7979166666666667 0.4083333333333333 0.80625 0.4074074074074074 0.8069444444444445 0.4074074074074074 0.8145833333333333 0.4064814814814815 0.8152777777777778 0.4064814814814815 0.8277777777777777 0.40555555555555556 0.8284722222222223 0.40555555555555556 0.8416666666666667 0.4046296296296296 0.8423611111111111 0.4046296296296296 0.85 0.40370370370370373 0.8506944444444444 0.40370370370370373 0.8597222222222223 0.4027777777777778 0.8604166666666667 0.4027777777777778 0.8715277777777778 0.40185185185185185 0.8722222222222222 0.40185185185185185 0.8763888888888889 0.4009259259259259 0.8770833333333333 0.4009259259259259 0.88125 0.4 0.8819444444444444 0.4 0.8888888888888888 0.3990740740740741 0.8895833333333333 0.3990740740740741 0.9027777777777778 0.39814814814814814 0.9034722222222222 0.39814814814814814 0.9131944444444444 0.3972222222222222 0.9138888888888889 0.3972222222222222 0.9222222222222223 0.3962962962962963 0.9229166666666667 0.3962962962962963 0.9305555555555556 0.39537037037037037 0.93125 0.39537037037037037 0.9388888888888889 0.39444444444444443 0.9395833333333333 0.39444444444444443 0.9493055555555555 0.39351851851851855 0.95 0.39351851851851855 0.9569444444444445 0.3925925925925926 0.9576388888888889 0.3925925925925926 0.9645833333333333 0.39166666666666666 0.9652777777777778 0.39166666666666666 0.98125 0.3907407407407407 0.9819444444444444 0.3907407407407407 0.9902777777777778 0.38981481481481484 0.9909722222222223 0.38981481481481484 0.9993055555555556 0.43703703703703706 0.9993055555555556 0.43703703703703706 0.9951388888888889 0.43796296296296294 0.9944444444444445 0.43703703703703706 0.99375 0.43703703703703706 0.9881944444444445 0.43796296296296294 0.9875 0.43796296296296294 0.9805555555555555 0.4388888888888889 0.9798611111111111 0.4388888888888889 0.9708333333333333 0.4398148148148148 0.9701388888888889 0.4398148148148148 0.9659722222222222 0.4388888888888889 0.9652777777777778 0.4388888888888889 0.9611111111111111 0.43796296296296294 0.9604166666666667 0.43796296296296294 0.9576388888888889 0.4388888888888889 0.9569444444444445 0.4388888888888889 0.9548611111111112 0.4398148148148148 0.9541666666666667 0.4398148148148148 0.9451388888888889 0.44074074074074077 0.9444444444444444 0.44074074074074077 0.9270833333333334 0.44166666666666665 0.9263888888888889 0.44166666666666665 0.9194444444444444 0.44074074074074077 0.91875 0.44074074074074077 0.9125 0.44166666666666665 0.9118055555555555 0.44166666666666665 0.9069444444444444 0.4425925925925926 0.90625 0.4425925925925926 0.9034722222222222 0.44351851851851853 0.9027777777777778 0.44351851851851853 0.8791666666666667 0.4444444444444444 0.8784722222222222 0.4444444444444444 0.8479166666666667 0.44537037037037036 0.8472222222222222 0.44537037037037036 0.8222222222222222 0.4462962962962963 0.8215277777777777 0.4462962962962963 0.7944444444444444 0.44722222222222224 0.79375 0.44722222222222224 0.7847222222222222 0.44814814814814813 0.7840277777777778 0.44814814814814813 0.7701388888888889 0.44907407407407407 0.7694444444444445 0.44907407407407407 0.7645833333333333 0.44814814814814813 0.7638888888888888 0.44814814814814813 0.7631944444444444 0.44907407407407407 0.7625 0.44907407407407407 0.7520833333333333 0.45 0.7513888888888889 0.45 0.7361111111111112 0.45092592592592595 0.7354166666666667 0.45092592592592595 0.7222222222222222 0.45185185185185184 0.7215277777777778 0.45185185185185184 0.6923611111111111 0.4527777777777778 0.6916666666666667 0.4527777777777778 0.6715277777777777 0.4537037037037037 0.6708333333333333 0.4537037037037037 0.6458333333333334 0.4546296296296296 0.6451388888888889 0.4546296296296296 0.6284722222222222 0.45555555555555555 0.6277777777777778 0.45555555555555555 0.6131944444444445 0.4564814814814815 0.6125 0.4564814814814815 0.5930555555555556 0.45740740740740743 0.5923611111111111 0.45740740740740743 0.58125 0.4583333333333333 0.5805555555555556 0.4583333333333333 0.5604166666666667 0.45925925925925926 0.5597222222222222 0.45925925925925926 0.5326388888888889 0.4601851851851852 0.5319444444444444 0.4601851851851852 0.5 0.46111111111111114 0.49930555555555556 0.46111111111111114 0.48194444444444445 0.462037037037037 0.48125 0.462037037037037 0.48055555555555557 0.46296296296296297 0.4798611111111111 0.46574074074074073 0.48194444444444445 0.46574074074074073 0.4826388888888889 0.4666666666666667 0.4826388888888889 0.4666666666666667 0.48194444444444445 0.4675925925925926 0.48125 0.4675925925925926 0.48055555555555557 0.4685185185185185 0.4798611111111111 0.4685185185185185 0.4777777777777778 0.46944444444444444 0.47708333333333336 0.46944444444444444 0.47638888888888886 0.47129629629629627 0.475 0.475 0.475 0.47685185185185186 0.4736111111111111 0.48148148148148145 0.4736111111111111 0.48333333333333334 0.4722222222222222 0.48518518518518516 0.4722222222222222 0.4861111111111111 0.47152777777777777 0.48703703703703705 0.47152777777777777 0.49074074074074076 0.46875 0.49074074074074076 0.46805555555555556 0.49444444444444446 0.4652777777777778 0.49537037037037035 0.46597222222222223 0.49722222222222223 0.46597222222222223 0.49907407407407406 0.46458333333333335 0.5009259259259259 0.46458333333333335 0.5018518518518519 0.4638888888888889 0.5027777777777778 0.4638888888888889 0.5046296296296297 0.4625 0.5055555555555555 0.4625 0.5074074074074074 0.46111111111111114 0.5083333333333333 0.46111111111111114 0.5092592592592593 0.46041666666666664 0.5101851851851852 0.46041666666666664 0.5111111111111111 0.46111111111111114 0.5120370370370371 0.46111111111111114 0.512962962962963 0.4618055555555556 0.5175925925925926 0.4583333333333333 0.5175925925925926 0.4576388888888889 0.5185185185185185 0.45694444444444443 0.5185185185185185 0.45555555555555555 0.5194444444444445 0.4548611111111111 0.5194444444444445 0.44722222222222224 0.5203703703703704 0.4465277777777778 0.5212962962962963 0.44722222222222224 0.5222222222222223 0.44722222222222224 0.5231481481481481 0.4479166666666667 0.525 0.4479166666666667 0.5259259259259259 0.4486111111111111 0.5268518518518519 0.4486111111111111 0.5277777777777778 0.44930555555555557 0.5305555555555556 0.44930555555555557 0.5314814814814814 0.45 0.5342592592592592 0.45 0.5351851851851852 0.44930555555555557 0.5398148148148149 0.44930555555555557 0.5398148148148149 0.4486111111111111 0.5407407407407407 0.4479166666666667 0.5435185185185185 0.4479166666666667 0.5444444444444444 0.44722222222222224 0.5453703703703704 0.44722222222222224 0.5453703703703704 0.44513888888888886 0.5435185185185185 0.44375 0.5435185185185185 0.4423611111111111 0.5453703703703704 0.4409722222222222 0.5453703703703704 0.43819444444444444 0.5444444444444444 0.4375 0.5435185185185185 0.4375 0.5416666666666666 0.4361111111111111 0.5416666666666666 0.4354166666666667 0.5407407407407407 0.43472222222222223 0.5398148148148149 0.43472222222222223 0.5388888888888889 0.4354166666666667 0.537962962962963 0.4354166666666667 0.5370370370370371 0.4361111111111111 0.5342592592592592 0.4361111111111111 0.5342592592592592 0.43819444444444444 0.5333333333333333 0.4388888888888889 0.5324074074074074 0.43819444444444444 0.5324074074074074 0.4354166666666667 0.5305555555555556 0.4340277777777778 0.5305555555555556 0.43333333333333335 0.5296296296296297 0.4326388888888889 0.5296296296296297 0.43194444444444446 0.5287037037037037 0.43125 0.5277777777777778 0.43125 0.5277777777777778 0.43194444444444446 0.5259259259259259 0.43333333333333335 0.525 0.43333333333333335 0.524074074074074 0.4340277777777778 0.5222222222222223 0.4340277777777778 0.5212962962962963 0.43472222222222223 0.5194444444444445 0.43472222222222223 0.5185185185185185 0.4340277777777778 0.5148148148148148 0.4340277777777778 0.5138888888888888 0.43472222222222223 0.5083333333333333 0.43472222222222223 0.5064814814814815 0.4361111111111111 0.5046296296296297 0.4361111111111111 0.5018518518518519 0.4340277777777778 0.5009259259259259 0.43472222222222223 0.5009259259259259 0.4361111111111111 0.49907407407407406 0.4375 0.49907407407407406 0.43819444444444444 0.49722222222222223 0.4395833333333333 0.49722222222222223 0.44027777777777777 0.49537037037037035 0.44166666666666665 0.49444444444444446 0.44166666666666665 0.4925925925925926 0.44305555555555554 0.4925925925925926 0.44375 0.49166666666666664 0.4444444444444444 0.49166666666666664 0.44513888888888886 0.4898148148148148 0.4465277777777778 0.4898148148148148 0.45 0.49074074074074076 0.45069444444444445 0.49074074074074076 0.4513888888888889 0.4925925925925926 0.4527777777777778 0.49537037037037035 0.4527777777777778 0.4962962962962963 0.45208333333333334 0.49722222222222223 0.45208333333333334 0.4981481481481482 0.4513888888888889 0.49907407407407406 0.4513888888888889 0.5037037037037037 0.4479166666666667 0.5055555555555555 0.4479166666666667 0.5064814814814815 0.44722222222222224 0.5074074074074074 0.44722222222222224 0.5092592592592593 0.44583333333333336 0.5092592592592593 0.44513888888888886 0.5101851851851852 0.4444444444444444 0.512962962962963 0.4465277777777778 0.512962962962963 0.44722222222222224 0.5120370370370371 0.4479166666666667 0.5111111111111111 0.4479166666666667 0.5083333333333333 0.45 0.5074074074074074 0.45 0.5064814814814815 0.45069444444444445 0.5055555555555555 0.45069444444444445 0.5027777777777778 0.4527777777777778 0.5018518518518519 0.4527777777777778 0.4935185185185185 0.45902777777777776 0.4925925925925926 0.45902777777777776 0.4888888888888889 0.4618055555555556 0.487962962962963 0.4618055555555556 0.48703703703703705 0.4625 0.4861111111111111 0.4625 0.4842592592592593 0.4638888888888889 0.48333333333333334 0.4638888888888889 0.4824074074074074 0.46458333333333335 0.48055555555555557 0.46458333333333335 0.47962962962962963 0.4652777777777778 0.4722222222222222 0.4652777777777778 0.47129629629629627 0.46458333333333335 0.4703703703703704 0.46458333333333335 0.46944444444444444 0.4638888888888889 0.4685185185185185 0.4638888888888889 0.4638888888888889 0.46041666666666664 0.4638888888888889 0.4583333333333333 0.46296296296296297 0.4576388888888889 0.46296296296296297 0.4527777777777778 0.4638888888888889 0.45208333333333334 0.4638888888888889 0.4395833333333333 0.4648148148148148 0.4388888888888889 0.4648148148148148 0.42777777777777776 0.46574074074074073 0.4270833333333333 0.46574074074074073 0.4201388888888889 0.4666666666666667 0.41944444444444445 0.4666666666666667 0.4131944444444444 0.4685185185185185 0.41180555555555554 0.46944444444444444 0.41180555555555554 0.4703703703703704 0.4111111111111111 0.4703703703703704 0.40902777777777777 0.47129629629629627 0.4083333333333333 0.47129629629629627 0.4076388888888889 0.4703703703703704 0.40694444444444444 0.4703703703703704 0.40625 0.46944444444444444 0.40555555555555556 0.46944444444444444 0.4041666666666667 0.4685185185185185 0.40347222222222223 0.4685185185185185 0.4013888888888889 0.4675925925925926 0.40069444444444446 0.4675925925925926 0.37083333333333335 0.4666666666666667 0.3701388888888889 0.4666666666666667 0.3680555555555556 0.46574074074074073 0.36736111111111114 0.46574074074074073 0.36666666666666664
