0 0.3731481481481482 0.7986111111111112 0.3731481481481482 0.8 0.37222222222222223 0.8006944444444445 0.37222222222222223 0.80625 0.3712962962962963 0.8069444444444445 0.3712962962962963 0.8125 0.37222222222222223 0.8131944444444444 0.37222222222222223 0.8152777777777778 0.3731481481481482 0.8145833333333333 0.3731481481481482 0.8104166666666667 0.37407407407407406 0.8097222222222222 0.37407407407407406 0.8090277777777778 0.3731481481481482 0.8083333333333333
0 0.38055555555555554 0.7770833333333333 0.38055555555555554 0.7777777777777778 0.37962962962962965 0.7784722222222222 0.37962962962962965 0.7826388888888889 0.38055555555555554 0.7833333333333333 0.38055555555555554 0.7847222222222222 0.38055555555555554 0.7819444444444444 0.3814814814814815 0.78125 0.3814814814814815 0.7770833333333333
0 0.3888888888888889 0.7444444444444445 0.38796296296296295 0.7451388888888889 0.38796296296296295 0.7479166666666667 0.387037037037037 0.7486111111111111 0.387037037037037 0.7569444444444444 0.3861111111111111 0.7576388888888889 0.3861111111111111 0.7583333333333333 0.3851851851851852 0.7590277777777777 0.3851851851851852 0.7604166666666666 0.38425925925925924 0.7611111111111111 0.38425925925925924 0.7673611111111112 0.3851851851851852 0.7666666666666667 0.3851851851851852 0.7659722222222223 0.3861111111111111 0.7652777777777777 0.3861111111111111 0.7631944444444444 0.387037037037037 0.7625 0.387037037037037 0.7604166666666666 0.38796296296296295 0.7597222222222222 0.38796296296296295 0.75625 0.3888888888888889 0.7555555555555555
0 0.40370370370370373 0.6875 0.40370370370370373 0.6881944444444444 0.4027777777777778 0.6888888888888889 0.4027777777777778 0.6993055555555555 0.40185185185185185 0.7 0.40185185185185185 0.7013888888888888 0.4027777777777778 0.7020833333333333 0.40370370370370373 0.7020833333333333 0.40370370370370373 0.7006944444444444 0.4046296296296296 0.7 0.4046296296296296 0.6986111111111111 0.40370370370370373 0.6979166666666666 0.4046296296296296 0.6972222222222222 0.4046296296296296 0.69375 0.40555555555555556 0.6930555555555555 0.40555555555555556 0.6881944444444444 0.4046296296296296 0.6875
0 0.41944444444444445 0.6319444444444444 0.41944444444444445 0.6340277777777777 0.4185185185185185 0.6347222222222222 0.4185185185185185 0.6375 0.41759259259259257 0.6381944444444444 0.41759259259259257 0.6402777777777777 0.4166666666666667 0.6409722222222223 0.4166666666666667 0.6416666666666667 0.41574074074074074 0.6423611111111112 0.41574074074074074 0.65 0.41574074074074074 0.6493055555555556 0.4185185185185185 0.6472222222222223 0.4185185185185185 0.6451388888888889 0.41944444444444445 0.6444444444444445 0.41944444444444445 0.6402777777777777 0.4203703703703704 0.6395833333333333 0.4203703703703704 0.6354166666666666 0.41944444444444445 0.6347222222222222
0 0.42685185185185187 0.6201388888888889 0.42685185185185187 0.6208333333333333 0.42592592592592593 0.6215277777777778 0.42592592592592593 0.6222222222222222 0.42685185185185187 0.6222222222222222
0 0.42685185185185187 0.6104166666666667 0.42685185185185187 0.6166666666666667 0.42685185185185187 0.6138888888888889 0.42777777777777776 0.6131944444444445 0.42777777777777776 0.6104166666666667
0 0.4703703703703704 0.4534722222222222 0.4703703703703704 0.4548611111111111 0.46944444444444444 0.45555555555555555 0.46944444444444444 0.4576388888888889 0.4685185185185185 0.4583333333333333 0.4685185185185185 0.46111111111111114 0.4666666666666667 0.4625 0.4666666666666667 0.4638888888888889 0.46574074074074073 0.46458333333333335 0.46574074074074073 0.4666666666666667 0.4648148148148148 0.4673611111111111 0.4648148148148148 0.46805555555555556 0.46296296296296297 0.46944444444444444 0.46296296296296297 0.4701388888888889 0.462037037037037 0.4708333333333333 0.462037037037037 0.47152777777777777 0.46111111111111114 0.4722222222222222 0.46111111111111114 0.47291666666666665 0.4583333333333333 0.475 0.4583333333333333 0.47638888888888886 0.45740740740740743 0.47708333333333336 0.45740740740740743 0.4777777777777778 0.45555555555555555 0.4791666666666667 0.45555555555555555 0.48055555555555557 0.4546296296296296 0.48125 0.4546296296296296 0.4840277777777778 0.4537037037037037 0.4847222222222222 0.4537037037037037 0.48819444444444443 0.4527777777777778 0.4888888888888889 0.4527777777777778 0.49375 0.4537037037037037 0.49444444444444446 0.4537037037037037 0.4986111111111111 0.4546296296296296 0.49930555555555556 0.4546296296296296 0.5006944444444444 0.45555555555555555 0.5013888888888889 0.45555555555555555 0.5041666666666667 0.4546296296296296 0.5048611111111111 0.4546296296296296 0.5097222222222222 0.4537037037037037 0.5104166666666666 0.4537037037037037 0.5111111111111111 0.45092592592592595 0.5131944444444444 0.45092592592592595 0.5159722222222223 0.45 0.5166666666666667 0.45 0.5194444444444445 0.44907407407407407 0.5201388888888889 0.44907407407407407 0.5229166666666667 0.44814814814814813 0.5236111111111111 0.44814814814814813 0.525 0.44722222222222224 0.5256944444444445 0.44722222222222224 0.5284722222222222 0.4462962962962963 0.5291666666666667 0.4462962962962963 0.5305555555555556 0.44722222222222224 0.53125 0.44722222222222224 0.5347222222222222 0.4462962962962963 0.5354166666666667 0.4462962962962963 0.5416666666666666 0.44537037037037036 0.5423611111111111 0.44537037037037036 0.5430555555555555 0.4444444444444444 0.54375 0.44351851851851853 0.54375 0.44351851851851853 0.5444444444444444 0.4425925925925926 0.5451388888888888 0.4425925925925926 0.5479166666666667 0.44166666666666665 0.5486111111111112 0.44166666666666665 0.5597222222222222 0.44074074074074077 0.5604166666666667 0.44074074074074077 0.5618055555555556 0.4398148148148148 0.5625 0.4398148148148148 0.5645833333333333 0.44074074074074077 0.5638888888888889 0.44166666666666665 0.5638888888888889 0.4425925925925926 0.5631944444444444 0.4425925925925926 0.5611111111111111 0.44351851851851853 0.5604166666666667 0.44351851851851853 0.5541666666666667 0.4444444444444444 0.5534722222222223 0.4444444444444444 0.5493055555555556 0.44537037037037036 0.5486111111111112 0.44537037037037036 0.5458333333333333 0.4462962962962963 0.5451388888888888 0.4462962962962963 0.54375 0.44722222222222224 0.5430555555555555 0.44722222222222224 0.5423611111111111 0.44814814814814813 0.5416666666666666 0.44814814814814813 0.5368055555555555 0.45 0.5354166666666667 0.45 0.5340277777777778 0.45092592592592595 0.5333333333333333 0.45092592592592595 0.5319444444444444 0.45185185185185184 0.53125 0.45185185185185184 0.5298611111111111 0.4527777777777778 0.5291666666666667 0.4527777777777778 0.5236111111111111 0.4537037037037037 0.5229166666666667 0.4537037037037037 0.5201388888888889 0.4546296296296296 0.5194444444444445 0.4546296296296296 0.5180555555555556 0.45555555555555555 0.5173611111111112 0.45555555555555555 0.5138888888888888 0.4564814814814815 0.5131944444444444 0.4564814814814815 0.5111111111111111 0.45740740740740743 0.5104166666666666 0.45740740740740743 0.5090277777777777 0.4583333333333333 0.5083333333333333 0.4583333333333333 0.5048611111111111 0.45925925925925926 0.5041666666666667 0.45925925925925926 0.5020833333333333 0.4601851851851852 0.5013888888888889 0.4601851851851852 0.5006944444444444 0.46296296296296297 0.4986111111111111 0.4638888888888889 0.4986111111111111 0.4648148148148148 0.4979166666666667 0.46574074074074073 0.4979166666666667 0.46574074074074073 0.49722222222222223 0.4666666666666667 0.4965277777777778 0.4666666666666667 0.49375 0.4675925925925926 0.4930555555555556 0.4675925925925926 0.4895833333333333 0.4685185185185185 0.4888888888888889 0.4685185185185185 0.48541666666666666 0.46944444444444444 0.4847222222222222 0.46944444444444444 0.4791666666666667 0.4685185185185185 0.47847222222222224 0.4685185185185185 0.46944444444444444 0.46944444444444444 0.46875 0.46944444444444444 0.4638888888888889 0.4685185185185185 0.46319444444444446 0.4685185185185185 0.4625 0.4703703703703704 0.46111111111111114 0.4703703703703704 0.4597222222222222 0.47129629629629627 0.45902777777777776 0.47129629629629627 0.4534722222222222
0 0.4824074074074074 0.4 0.4824074074074074 0.40069444444444446 0.48148148148148145 0.4013888888888889 0.48148148148148145 0.40347222222222223 0.48055555555555557 0.4041666666666667 0.48148148148148145 0.4048611111111111 0.48148148148148145 0.4076388888888889 0.4824074074074074 0.4083333333333333 0.48148148148148145 0.40902777777777777 0.48148148148148145 0.41041666666666665 0.48055555555555557 0.4111111111111111 0.48055555555555557 0.4125 0.47962962962962963 0.4131944444444444 0.47962962962962963 0.41388888888888886 0.4787037037037037 0.41458333333333336 0.4787037037037037 0.42083333333333334 0.48148148148148145 0.42083333333333334 0.48148148148148145 0.4201388888888889 0.4824074074074074 0.41944444444444445 0.4824074074074074 0.41180555555555554 0.48333333333333334 0.4111111111111111 0.48333333333333334 0.40902777777777777 0.4824074074074074 0.4083333333333333 0.48333333333333334 0.4076388888888889 0.48333333333333334 0.40694444444444444 0.4842592592592593 0.40625 0.4842592592592593 0.40208333333333335 0.48333333333333334 0.4013888888888889 0.48333333333333334 0.40069444444444446
0 0.5046296296296297 0.325 0.5046296296296297 0.32708333333333334 0.5018518518518519 0.32916666666666666 0.5018518518518519 0.3347222222222222 0.5009259259259259 0.33541666666666664 0.5009259259259259 0.3402777777777778 0.5 0.34097222222222223 0.4981481481481482 0.34097222222222223 0.4981481481481482 0.3423611111111111 0.49722222222222223 0.34305555555555556 0.49722222222222223 0.3458333333333333 0.4962962962962963 0.34652777777777777 0.4962962962962963 0.3486111111111111 0.49537037037037035 0.34930555555555554 0.49537037037037035 0.3506944444444444 0.49444444444444446 0.35138888888888886 0.49444444444444446 0.35347222222222224 0.4935185185185185 0.3541666666666667 0.4935185185185185 0.36319444444444443 0.4925925925925926 0.3638888888888889 0.4925925925925926 0.36875 0.49166666666666664 0.36944444444444446 0.49166666666666664 0.3701388888888889 0.49074074074074076 0.37083333333333335 0.49074074074074076 0.3715277777777778 0.4898148148148148 0.37222222222222223 0.4898148148148148 0.3770833333333333 0.4888888888888889 0.37777777777777777 0.4888888888888889 0.38333333333333336 0.4898148148148148 0.3840277777777778 0.4898148148148148 0.38333333333333336 0.49074074074074076 0.38263888888888886 0.49074074074074076 0.37916666666666665 0.49166666666666664 0.3784722222222222 0.49166666666666664 0.37569444444444444 0.4925925925925926 0.375 0.4925925925925926 0.3736111111111111 0.4935185185185185 0.3729166666666667 0.4935185185185185 0.3715277777777778 0.49444444444444446 0.37083333333333335 0.49444444444444446 0.36944444444444446 0.49537037037037035 0.36875 0.49537037037037035 0.36527777777777776 0.4962962962962963 0.3645833333333333 0.4962962962962963 0.36319444444444443 0.49722222222222223 0.3625 0.49722222222222223 0.3597222222222222 0.4981481481481482 0.3590277777777778 0.4981481481481482 0.35625 0.49907407407407406 0.35555555555555557 0.49907407407407406 0.35 0.5 0.34930555555555554 0.5 0.3472222222222222 0.5009259259259259 0.34652777777777777 0.5009259259259259 0.3423611111111111 0.5 0.3416666666666667 0.5 0.34097222222222223 0.5027777777777778 0.3388888888888889 0.5027777777777778 0.3375 0.5037037037037037 0.3368055555555556 0.5037037037037037 0.3347222222222222 0.5046296296296297 0.33402777777777776 0.5046296296296297 0.33125 0.5055555555555555 0.33055555555555555 0.5055555555555555 0.325
0 0.5055555555555555 0.3159722222222222 0.5055555555555555 0.3173611111111111 0.5046296296296297 0.31805555555555554 0.5046296296296297 0.31875 0.5055555555555555 0.3194444444444444 0.5055555555555555 0.32013888888888886 0.5064814814814815 0.3194444444444444 0.5064814814814815 0.3159722222222222
0 0.5314814814814814 0.0 0.5314814814814814 0.004861111111111111 0.5305555555555556 0.005555555555555556 0.5305555555555556 0.01875 0.5296296296296297 0.019444444444444445 0.5296296296296297 0.03888888888888889 0.5305555555555556 0.03958333333333333 0.5305555555555556 0.041666666666666664 0.5296296296296297 0.04236111111111111 0.5296296296296297 0.058333333333333334 0.5287037037037037 0.059027777777777776 0.5287037037037037 0.06527777777777778 0.5277777777777778 0.06597222222222222 0.5277777777777778 0.06666666666666667 0.5194444444444445 0.07291666666666667 0.5194444444444445 0.07361111111111111 0.5185185185185185 0.07430555555555556 0.5185185185185185 0.075 0.5175925925925926 0.07569444444444444 0.5175925925925926 0.07916666666666666 0.5166666666666667 0.0798611111111111 0.5166666666666667 0.08125 0.5175925925925926 0.08194444444444444 0.5175925925925926 0.09305555555555556 0.5185185185185185 0.09375 0.5185185185185185 0.09583333333333334 0.5175925925925926 0.09652777777777778 0.5175925925925926 0.10694444444444444 0.5185185185185185 0.1076388888888889 0.5185185185185185 0.10902777777777778 0.5194444444444445 0.10972222222222222 0.5194444444444445 0.1111111111111111 0.5203703703703704 0.11180555555555556 0.5203703703703704 0.11319444444444444 0.5212962962962963 0.11388888888888889 0.5212962962962963 0.11527777777777778 0.5222222222222223 0.11597222222222223 0.5222222222222223 0.11666666666666667 0.5231481481481481 0.11736111111111111 0.5231481481481481 0.11875 0.524074074074074 0.11944444444444445 0.524074074074074 0.12152777777777778 0.525 0.12222222222222222 0.525 0.12430555555555556 0.5259259259259259 0.125 0.5259259259259259 0.12708333333333333 0.5268518518518519 0.12777777777777777 0.5268518518518519 0.12916666666666668 0.5277777777777778 0.12986111111111112 0.5277777777777778 0.13194444444444445 0.5287037037037037 0.1326388888888889 0.5287037037037037 0.13333333333333333 0.5296296296296297 0.13402777777777777 0.5296296296296297 0.1423611111111111 0.5305555555555556 0.14305555555555555 0.5305555555555556 0.15208333333333332 0.5296296296296297 0.1527777777777778 0.5296296296296297 0.16180555555555556 0.5305555555555556 0.1625 0.5305555555555556 0.16805555555555557 0.5296296296296297 0.16875 0.5296296296296297 0.1798611111111111 0.5305555555555556 0.18055555555555555 0.5305555555555556 0.20277777777777778 0.5296296296296297 0.20347222222222222 0.5296296296296297 0.20694444444444443 0.5305555555555556 0.2076388888888889 0.5305555555555556 0.20902777777777778 0.5296296296296297 0.20972222222222223 0.5296296296296297 0.21666666666666667 0.5287037037037037 0.21736111111111112 0.5287037037037037 0.22083333333333333 0.5277777777777778 0.22152777777777777 0.5277777777777778 0.22430555555555556 0.5268518518518519 0.225 0.5268518518518519 0.22569444444444445 0.524074074074074 0.22777777777777777 0.524074074074074 0.22847222222222222 0.5231481481481481 0.22916666666666666 0.5231481481481481 0.2298611111111111 0.5212962962962963 0.23125 0.5212962962962963 0.23194444444444445 0.5203703703703704 0.2326388888888889 0.5203703703703704 0.24027777777777778 0.5212962962962963 0.24097222222222223 0.5212962962962963 0.2423611111111111 0.5222222222222223 0.24305555555555555 0.5222222222222223 0.24861111111111112 0.5231481481481481 0.24930555555555556 0.5231481481481481 0.25069444444444444 0.524074074074074 0.2513888888888889 0.524074074074074 0.2638888888888889 0.5212962962962963 0.2659722222222222 0.5212962962962963 0.26666666666666666 0.5203703703703704 0.2673611111111111 0.5203703703703704 0.26875 0.5194444444444445 0.26944444444444443 0.5194444444444445 0.27152777777777776 0.5185185185185185 0.2722222222222222 0.5185185185185185 0.27361111111111114 0.5175925925925926 0.2743055555555556 0.5175925925925926 0.27569444444444446 0.5166666666666667 0.2763888888888889 0.5166666666666667 0.27847222222222223 0.5157407407407407 0.2791666666666667 0.5157407407407407 0.2798611111111111 0.5148148148148148 0.28055555555555556 0.5148148148148148 0.28125 0.5138888888888888 0.28194444444444444 0.5138888888888888 0.2833333333333333 0.512962962962963 0.28402777777777777 0.512962962962963 0.28680555555555554 0.5120370370370371 0.2875 0.512962962962963 0.2881944444444444 0.512962962962963 0.29097222222222224 0.5120370370370371 0.2916666666666667 0.5120370370370371 0.29444444444444445 0.5111111111111111 0.2951388888888889 0.5111111111111111 0.29791666666666666 0.5101851851851852 0.2986111111111111 0.5101851851851852 0.3013888888888889 0.5092592592592593 0.3020833333333333 0.5092592592592593 0.30486111111111114 0.5083333333333333 0.3055555555555556 0.5083333333333333 0.3090277777777778 0.5074074074074074 0.30972222222222223 0.5074074074074074 0.31180555555555556 0.5083333333333333 0.3125 0.5083333333333333 0.31319444444444444 0.5092592592592593 0.31319444444444444 0.5101851851851852 0.3125 0.5101851851851852 0.31180555555555556 0.5111111111111111 0.3111111111111111 0.5111111111111111 0.30972222222222223 0.5120370370370371 0.3090277777777778 0.5120370370370371 0.3076388888888889 0.512962962962963 0.30694444444444446 0.512962962962963 0.30416666666666664 0.5138888888888888 0.3034722222222222 0.5138888888888888 0.30069444444444443 0.5148148148148148 0.3 0.5148148148148148 0.2972222222222222 0.5157407407407407 0.2965277777777778 0.5157407407407407 0.29375 0.5166666666666667 0.29305555555555557 0.5166666666666667 0.2916666666666667 0.5175925925925926 0.29097222222222224 0.5175925925925926 0.28958333333333336 0.5185185185185185 0.28888888888888886 0.5185185185185185 0.2881944444444444 0.5194444444444445 0.2875 0.5194444444444445 0.2861111111111111 0.5203703703703704 0.28541666666666665 0.5203703703703704 0.2833333333333333 0.5212962962962963 0.2826388888888889 0.5212962962962963 0.28055555555555556 0.5222222222222223 0.2798611111111111 0.5222222222222223 0.2763888888888889 0.5212962962962963 0.27569444444444446 0.5212962962962963 0.275 0.5222222222222223 0.2743055555555556 0.5222222222222223 0.27291666666666664 0.5231481481481481 0.2722222222222222 0.5231481481481481 0.26666666666666666 0.5277777777777778 0.26319444444444445 0.5287037037037037 0.2638888888888889 0.5287037037037037 0.26458333333333334 0.5296296296296297 0.2652777777777778 0.5296296296296297 0.2722222222222222 0.5305555555555556 0.27291666666666664 0.5305555555555556 0.28194444444444444 0.5314814814814814 0.2826388888888889 0.5314814814814814 0.2972222222222222 0.5324074074074074 0.29791666666666666 0.5324074074074074 0.32222222222222224 0.5333333333333333 0.3229166666666667 0.5333333333333333 0.38333333333333336 0.5342592592592592 0.3840277777777778 0.5342592592592592 0.3888888888888889 0.5333333333333333 0.38958333333333334 0.5333333333333333 0.3951388888888889 0.5342592592592592 0.3958333333333333 0.5342592592592592 0.42291666666666666 0.5351851851851852 0.4236111111111111 0.5351851851851852 0.43819444444444444 0.5342592592592592 0.4388888888888889 0.5342592592592592 0.44027777777777777 0.5351851851851852 0.4409722222222222 0.5351851851851852 0.46111111111111114 0.5361111111111111 0.4618055555555556 0.5361111111111111 0.4652777777777778 0.5351851851851852 0.46597222222222223 0.5351851851851852 0.47291666666666665 0.5361111111111111 0.4736111111111111 0.5361111111111111 0.5333333333333333 0.5370370370370371 0.5340277777777778 0.5370370370370371 0.58125 0.537962962962963 0.5819444444444445 0.537962962962963 0.60625 0.5370370370370371 0.6069444444444444 0.5370370370370371 0.6076388888888888 0.537962962962963 0.6083333333333333 0.537962962962963 0.6180555555555556 0.5388888888888889 0.61875 0.5388888888888889 0.6222222222222222 0.537962962962963 0.6229166666666667 0.537962962962963 0.6340277777777777 0.5388888888888889 0.6347222222222222 0.5388888888888889 0.6388888888888888 0.537962962962963 0.6395833333333333 0.537962962962963 0.6465277777777778 0.5388888888888889 0.6472222222222223 0.5388888888888889 0.7354166666666667 0.5398148148148149 0.7361111111111112 0.5398148148148149 0.8263888888888888 0.5388888888888889 0.8270833333333333 0.5388888888888889 0.83125 0.5398148148148149 0.8319444444444445 0.5398148148148149 0.8395833333333333 0.5388888888888889 0.8402777777777778 0.5388888888888889 0.8472222222222222 0.5398148148148149 0.8479166666666667 0.5398148148148149 0.8569444444444444 0.5388888888888889 0.8576388888888888 0.5388888888888889 0.8625 0.5398148148148149 0.8631944444444445 0.5398148148148149 0.9555555555555556 0.5407407407407407 0.95625 0.5407407407407407 0.9694444444444444 0.5398148148148149 0.9701388888888889 0.5398148148148149 0.9840277777777777 0.5407407407407407 0.9847222222222223 0.5407407407407407 0.9993055555555556 0.5898148148148148 0.9993055555555556 0.5898148148148148 0.9645833333333333 0.5888888888888889 0.9638888888888889 0.5888888888888889 0.9333333333333333 0.5879629629629629 0.9326388888888889 0.5879629629629629 0.9041666666666667 0.587037037037037 0.9034722222222222 0.587037037037037 0.8569444444444444 0.5861111111111111 0.85625 0.5861111111111111 0.8215277777777777 0.5851851851851851 0.8208333333333333 0.5851851851851851 0.7868055555555555 0.5842592592592593 0.7861111111111111 0.5842592592592593 0.7805555555555556 0.5851851851851851 0.7798611111111111 0.5851851851851851 0.7791666666666667 0.5842592592592593 0.7784722222222222 0.5842592592592593 0.7534722222222222 0.5833333333333334 0.7527777777777778 0.5833333333333334 0.7458333333333333 0.5824074074074074 0.7451388888888889 0.5824074074074074 0.7416666666666667 0.5833333333333334 0.7409722222222223 0.5833333333333334 0.7375 0.5824074074074074 0.7368055555555556 0.5824074074074074 0.7361111111111112 0.5833333333333334 0.7354166666666667 0.5833333333333334 0.7298611111111111 0.5824074074074074 0.7291666666666666 0.5824074074074074 0.7277777777777777 0.5833333333333334 0.7270833333333333 0.5833333333333334 0.7173611111111111 0.5824074074074074 0.7166666666666667 0.5824074074074074 0.7090277777777778 0.5833333333333334 0.7083333333333334 0.5824074074074074 0.7076388888888889 0.5824074074074074 0.6993055555555555 0.5814814814814815 0.6986111111111111 0.5814814814814815 0.6951388888888889 0.5824074074074074 0.6944444444444444 0.5824074074074074 0.6826388888888889 0.5814814814814815 0.6819444444444445 0.5814814814814815 0.6597222222222222 0.5805555555555556 0.6590277777777778 0.5805555555555556 0.6284722222222222 0.5796296296296296 0.6277777777777778 0.5796296296296296 0.5944444444444444 0.5787037037037037 0.59375 0.5787037037037037 0.5680555555555555 0.5777777777777777 0.5673611111111111 0.5777777777777777 0.54375 0.5768518518518518 0.5430555555555555 0.5768518518518518 0.5118055555555555 0.575925925925926 0.5111111111111111 0.575925925925926 0.48055555555555557 0.575 0.4798611111111111 0.575 0.4548611111111111 0.5740740740740741 0.45416666666666666 0.5740740740740741 0.43194444444444446 0.5731481481481482 0.43125 0.5731481481481482 0.4305555555555556 0.5740740740740741 0.42986111111111114 0.5740740740740741 0.42291666666666666 0.5731481481481482 0.4222222222222222 0.5731481481481482 0.40555555555555556 0.5722222222222222 0.4048611111111111 0.5722222222222222 0.3819444444444444 0.5712962962962963 0.38125 0.5712962962962963 0.3576388888888889 0.5703703703703704 0.35694444444444445 0.5703703703703704 0.3236111111111111 0.5694444444444444 0.3229166666666667 0.5694444444444444 0.3 0.5685185185185185 0.29930555555555555 0.5685185185185185 0.27569444444444446 0.5675925925925925 0.275 0.5675925925925925 0.25069444444444444 0.5666666666666667 0.25 0.5666666666666667 0.20625 0.5675925925925925 0.20555555555555555 0.5675925925925925 0.20277777777777778 0.5685185185185185 0.20208333333333334 0.5685185185185185 0.1986111111111111 0.5675925925925925 0.19791666666666666 0.5675925925925925 0.19652777777777777 0.5685185185185185 0.19583333333333333 0.5685185185185185 0.1951388888888889 0.5712962962962963 0.19305555555555556 0.575925925925926 0.19305555555555556 0.5861111111111111 0.18541666666666667 0.5861111111111111 0.18472222222222223 0.5879629629629629 0.18333333333333332 0.5879629629629629 0.18263888888888888 0.5935185185185186 0.17847222222222223 0.5935185185185186 0.17777777777777778 0.5972222222222222 0.175 0.5981481481481481 0.175 0.5990740740740741 0.17430555555555555 0.5990740740740741 0.1736111111111111 0.6 0.17291666666666666 0.6 0.17152777777777778 0.600925925925926 0.17083333333333334 0.600925925925926 0.1638888888888889 0.6018518518518519 0.16319444444444445 0.6018518518518519 0.15694444444444444 0.6027777777777777 0.15625 0.6027777777777777 0.15486111111111112 0.6037037037037037 0.15416666666666667 0.6037037037037037 0.15347222222222223 0.6046296296296296 0.1527777777777778 0.6046296296296296 0.15138888888888888 0.6055555555555555 0.15069444444444444 0.6055555555555555 0.1486111111111111 0.6064814814814815 0.14791666666666667 0.6064814814814815 0.1388888888888889 0.6027777777777777 0.1361111111111111 0.6 0.1361111111111111 0.5990740740740741 0.13541666666666666 0.5981481481481481 0.1361111111111111 0.5935185185185186 0.1361111111111111 0.5925925925925926 0.13680555555555557 0.5916666666666667 0.13680555555555557 0.5916666666666667 0.1375 0.5907407407407408 0.13819444444444445 0.5907407407407408 0.1388888888888889 0.5898148148148148 0.13958333333333334 0.5898148148148148 0.14166666666666666 0.5888888888888889 0.1423611111111111 0.5888888888888889 0.14722222222222223 0.5898148148148148 0.14791666666666667 0.5898148148148148 0.15694444444444444 0.5888888888888889 0.15763888888888888 0.5888888888888889 0.15833333333333333 0.587037037037037 0.1597222222222222 0.587037037037037 0.16041666666666668 0.5861111111111111 0.16111111111111112 0.5861111111111111 0.16180555555555556 0.5851851851851851 0.1625 0.5851851851851851 0.16319444444444445 0.5842592592592593 0.1638888888888889 0.5842592592592593 0.16458333333333333 0.5833333333333334 0.16527777777777777 0.5833333333333334 0.16597222222222222 0.5805555555555556 0.16805555555555557 0.5796296296296296 0.16805555555555557 0.5777777777777777 0.16944444444444445 0.5768518518518518 0.16944444444444445 0.575925925925926 0.1701388888888889 0.5731481481481482 0.1701388888888889 0.5722222222222222 0.16944444444444445 0.5712962962962963 0.16944444444444445 0.5666666666666667 0.16597222222222222 0.5666666666666667 0.16527777777777777 0.5657407407407408 0.16458333333333333 0.5657407407407408 0.16319444444444445 0.5648148148148148 0.1625 0.5648148148148148 0.15694444444444444 0.5638888888888889 0.15625 0.5638888888888889 0.15208333333333332 0.562962962962963 0.15138888888888888 0.562962962962963 0.14791666666666667 0.5638888888888889 0.14722222222222223 0.5638888888888889 0.14583333333333334 0.562962962962963 0.1451388888888889 0.562962962962963 0.11944444444444445 0.562037037037037 0.11875 0.562037037037037 0.10902777777777778 0.562962962962963 0.10833333333333334 0.562962962962963 0.10416666666666667 0.562037037037037 0.10347222222222222 0.562037037037037 0.08611111111111111 0.562962962962963 0.08541666666666667 0.562962962962963 0.08263888888888889 0.5638888888888889 0.08194444444444444 0.5638888888888889 0.08125 0.5648148148148148 0.08055555555555556 0.5648148148148148 0.0798611111111111 0.5657407407407408 0.07916666666666666 0.5657407407407408 0.07430555555555556 0.5648148148148148 0.07361111111111111 0.5648148148148148 0.07222222222222222 0.5638888888888889 0.07152777777777777 0.5638888888888889 0.07013888888888889 0.562962962962963 0.06944444444444445 0.562962962962963 0.06805555555555555 0.562037037037037 0.06736111111111111 0.562037037037037 0.06388888888888888 0.5611111111111111 0.06319444444444444 0.5611111111111111 0.0625 0.5601851851851852 0.06180555555555556 0.5601851851851852 0.059722222222222225 0.5592592592592592 0.059027777777777776 0.5592592592592592 0.05694444444444444 0.5583333333333333 0.05625 0.5583333333333333 0.05555555555555555 0.5574074074074075 0.05486111111111111 0.5574074074074075 0.05416666666666667 0.5564814814814815 0.05347222222222222 0.5564814814814815 0.052083333333333336 0.5546296296296296 0.050694444444444445 0.5546296296296296 0.05 0.5527777777777778 0.04861111111111111 0.5527777777777778 0.04791666666666667 0.5509259259259259 0.04652777777777778 0.55 0.04652777777777778 0.5481481481481482 0.04513888888888889 0.5481481481481482 0.044444444444444446 0.5472222222222223 0.04375 0.5472222222222223 0.04097222222222222 0.5462962962962963 0.04027777777777778 0.5462962962962963 0.022916666666666665 0.5472222222222223 0.022222222222222223 0.5472222222222223 0.017361111111111112 0.5481481481481482 0.016666666666666666 0.5481481481481482 0.010416666666666666 0.549074074074074 0.009722222222222222 0.549074074074074 0.005555555555555556 0.5481481481481482 0.004861111111111111 0.5481481481481482 0.0
