0 0.4740740740740741 0.9840277777777777 0.4722222222222222 0.9854166666666667 0.47129629629629627 0.9854166666666667 0.4703703703703704 0.9861111111111112 0.4703703703703704 0.9881944444444445 0.47129629629629627 0.9888888888888889 0.47129629629629627 0.9993055555555556 0.47129629629629627 0.9930555555555556 0.4722222222222222 0.9923611111111111 0.4722222222222222 0.9888888888888889 0.47314814814814815 0.9881944444444445 0.47314814814814815 0.9854166666666667 0.4740740740740741 0.9847222222222223
0 0.575 0.2590277777777778 0.5740740740740741 0.25972222222222224 0.5740740740740741 0.2604166666666667 0.575 0.2611111111111111 0.575925925925926 0.2611111111111111 0.575925925925926 0.2590277777777778
0 0.48055555555555557 0.2590277777777778 0.47962962962962963 0.25972222222222224 0.47962962962962963 0.2604166666666667 0.48148148148148145 0.2604166666666667 0.4824074074074074 0.25972222222222224 0.48148148148148145 0.2590277777777778
0 0.5740740740740741 0.25069444444444444 0.5731481481481482 0.2513888888888889 0.5731481481481482 0.2520833333333333 0.5740740740740741 0.25277777777777777 0.5768518518518518 0.25277777777777777 0.5777777777777777 0.2520833333333333 0.5777777777777777 0.2513888888888889 0.5768518518518518 0.25069444444444444
0 0.5462962962962963 0.2375 0.5462962962962963 0.23819444444444443 0.5472222222222223 0.2388888888888889 0.5481481481481482 0.2388888888888889 0.5481481481481482 0.23819444444444443 0.5472222222222223 0.2375
0 0.5259259259259259 0.22430555555555556 0.5259259259259259 0.225 0.524074074074074 0.2263888888888889 0.5231481481481481 0.2263888888888889 0.5231481481481481 0.22847222222222222 0.524074074074074 0.22916666666666666 0.5259259259259259 0.22916666666666666 0.5259259259259259 0.22847222222222222 0.5268518518518519 0.22777777777777777 0.5268518518518519 0.22708333333333333 0.5277777777777778 0.2263888888888889 0.5277777777777778 0.22430555555555556
0 0.4842592592592593 0.22430555555555556 0.487962962962963 0.22708333333333333 0.487962962962963 0.2263888888888889 0.4861111111111111 0.225 0.48518518518518516 0.225
0 0.6074074074074074 0.21319444444444444 0.6064814814814815 0.21388888888888888 0.6055555555555555 0.21388888888888888 0.6046296296296296 0.21458333333333332 0.6046296296296296 0.2152777777777778 0.600925925925926 0.21805555555555556 0.600925925925926 0.21875 0.5990740740740741 0.22013888888888888 0.6 0.21944444444444444 0.600925925925926 0.21944444444444444 0.6018518518518519 0.21875 0.6027777777777777 0.21875 0.6037037037037037 0.21805555555555556 0.6037037037037037 0.21736111111111112 0.6046296296296296 0.21666666666666667 0.6046296296296296 0.2152777777777778
0 0.46944444444444444 0.21180555555555555 0.46944444444444444 0.21736111111111112 0.4722222222222222 0.21944444444444444 0.4740740740740741 0.21944444444444444 0.4740740740740741 0.21875 0.475 0.21805555555555556 0.475 0.2152777777777778 0.4722222222222222 0.2152777777777778 0.47129629629629627 0.21597222222222223 0.47129629629629627 0.21666666666666667 0.4703703703703704 0.21736111111111112 0.46944444444444444 0.21666666666666667 0.46944444444444444 0.2152777777777778 0.4703703703703704 0.21458333333333332 0.4703703703703704 0.2125
0 0.5398148148148149 0.2111111111111111 0.5398148148148149 0.21180555555555555 0.5388888888888889 0.2125 0.5388888888888889 0.21388888888888888 0.5370370370370371 0.2152777777777778 0.5351851851851852 0.2152777777777778 0.5333333333333333 0.21388888888888888 0.5333333333333333 0.21458333333333332 0.5324074074074074 0.2152777777777778 0.5324074074074074 0.21875 0.5333333333333333 0.21875 0.5351851851851852 0.21736111111111112 0.5361111111111111 0.21736111111111112 0.5370370370370371 0.21666666666666667 0.537962962962963 0.21666666666666667 0.5388888888888889 0.21597222222222223 0.5388888888888889 0.2152777777777778 0.5407407407407407 0.21388888888888888 0.5407407407407407 0.21180555555555555
0 0.5925925925925926 0.20625 0.5925925925925926 0.20902777777777778 0.5916666666666667 0.20972222222222223 0.5916666666666667 0.2111111111111111 0.5907407407407408 0.21180555555555555 0.5925925925925926 0.21041666666666667 0.5925925925925926 0.20972222222222223 0.5935185185185186 0.20902777777777778 0.5935185185185186 0.20694444444444443 0.5944444444444444 0.20625
0 0.5796296296296296 0.20347222222222222 0.5768518518518518 0.20555555555555555 0.5740740740740741 0.20555555555555555 0.5731481481481482 0.2048611111111111 0.5722222222222222 0.2048611111111111 0.5712962962962963 0.20416666666666666 0.5703703703703704 0.20416666666666666 0.5703703703703704 0.20555555555555555 0.5694444444444444 0.20625 0.5694444444444444 0.20694444444444443 0.5675925925925925 0.20833333333333334 0.5675925925925925 0.20902777777777778 0.5648148148148148 0.2111111111111111 0.5638888888888889 0.2111111111111111 0.5638888888888889 0.21180555555555555 0.562962962962963 0.2125 0.5666666666666667 0.2125 0.5685185185185185 0.21388888888888888 0.5685185185185185 0.21597222222222223 0.5666666666666667 0.21736111111111112 0.5657407407407408 0.21736111111111112 0.5648148148148148 0.21805555555555556 0.5638888888888889 0.21805555555555556 0.562962962962963 0.21875 0.562962962962963 0.21944444444444444 0.562037037037037 0.22013888888888888 0.562037037037037 0.22152777777777777 0.5611111111111111 0.2222222222222222 0.5611111111111111 0.22291666666666668 0.5592592592592592 0.22430555555555556 0.5592592592592592 0.225 0.5601851851851852 0.22569444444444445 0.5601851851851852 0.2263888888888889 0.5611111111111111 0.22708333333333333 0.5611111111111111 0.22777777777777777 0.5592592592592592 0.22916666666666666 0.5583333333333333 0.22916666666666666 0.5564814814814815 0.22777777777777777 0.5564814814814815 0.22569444444444445 0.5555555555555556 0.225 0.5555555555555556 0.22430555555555556 0.5564814814814815 0.22361111111111112 0.5564814814814815 0.2222222222222222 0.5574074074074075 0.22152777777777777 0.5574074074074075 0.21875 0.5564814814814815 0.21875 0.5546296296296296 0.22013888888888888 0.5546296296296296 0.2222222222222222 0.5537037037037037 0.22291666666666668 0.5537037037037037 0.22361111111111112 0.5481481481481482 0.22777777777777777 0.5481481481481482 0.22916666666666666 0.5472222222222223 0.2298611111111111 0.5472222222222223 0.23402777777777778 0.5462962962962963 0.23472222222222222 0.5462962962962963 0.23541666666666666 0.549074074074074 0.23541666666666666 0.55 0.23472222222222222 0.5509259259259259 0.23472222222222222 0.5518518518518518 0.23402777777777778 0.5537037037037037 0.23402777777777778 0.5555555555555556 0.23541666666666666 0.5574074074074075 0.23402777777777778 0.5583333333333333 0.23402777777777778 0.5592592592592592 0.23333333333333334 0.5611111111111111 0.23333333333333334 0.562962962962963 0.23194444444444445 0.5638888888888889 0.23194444444444445 0.5648148148148148 0.23125 0.5657407407407408 0.23125 0.5666666666666667 0.23055555555555557 0.5648148148148148 0.23055555555555557 0.562962962962963 0.22916666666666666 0.562962962962963 0.22361111111111112 0.5657407407407408 0.22152777777777777 0.5657407407407408 0.22083333333333333 0.5675925925925925 0.21944444444444444 0.5685185185185185 0.21944444444444444 0.5694444444444444 0.22013888888888888 0.5694444444444444 0.2222222222222222 0.5675925925925925 0.22361111111111112 0.5666666666666667 0.22361111111111112 0.5703703703703704 0.2263888888888889 0.5703703703703704 0.22777777777777777 0.5712962962962963 0.22777777777777777 0.5722222222222222 0.22708333333333333 0.5722222222222222 0.2263888888888889 0.575 0.22430555555555556 0.575 0.22361111111111112 0.575925925925926 0.22291666666666668 0.575925925925926 0.22152777777777777 0.575 0.22152777777777777 0.5740740740740741 0.2222222222222222 0.5740740740740741 0.22291666666666668 0.5712962962962963 0.225 0.5703703703703704 0.22430555555555556 0.5703703703703704 0.2222222222222222 0.5694444444444444 0.22152777777777777 0.5694444444444444 0.22083333333333333 0.5703703703703704 0.22013888888888888 0.5703703703703704 0.21944444444444444 0.5722222222222222 0.21805555555555556 0.5731481481481482 0.21875 0.5740740740740741 0.21875 0.575 0.21944444444444444 0.575925925925926 0.21875 0.575925925925926 0.21805555555555556 0.5777777777777777 0.21666666666666667 0.5777777777777777 0.21180555555555555 0.5796296296296296 0.21041666666666667 0.5805555555555556 0.21041666666666667 0.5814814814814815 0.20972222222222223 0.5824074074074074 0.20972222222222223 0.5833333333333334 0.20902777777777778 0.5842592592592593 0.20902777777777778 0.5842592592592593 0.20625 0.5833333333333334 0.20694444444444443 0.5824074074074074 0.20694444444444443 0.5805555555555556 0.20555555555555555 0.5805555555555556 0.20416666666666666
0 0.5861111111111111 0.20277777777777778 0.5861111111111111 0.20347222222222222 0.5851851851851851 0.20416666666666666 0.5851851851851851 0.2048611111111111 0.5851851851851851 0.20416666666666666 0.5861111111111111 0.20347222222222222 0.5898148148148148 0.20347222222222222 0.5888888888888889 0.20277777777777778
0 0.6018518518518519 0.19722222222222222 0.600925925925926 0.19791666666666666 0.600925925925926 0.1986111111111111 0.6037037037037037 0.1986111111111111 0.6055555555555555 0.19722222222222222
0 0.5944444444444444 0.1951388888888889 0.5935185185185186 0.19583333333333333 0.5935185185185186 0.19930555555555557 0.5925925925925926 0.2 0.5925925925925926 0.2013888888888889 0.5935185185185186 0.20208333333333334 0.5972222222222222 0.20208333333333334 0.5972222222222222 0.2013888888888889 0.5962962962962963 0.20069444444444445 0.5962962962962963 0.2 0.5953703703703703 0.19930555555555557 0.5953703703703703 0.1986111111111111 0.5944444444444444 0.19791666666666666 0.5944444444444444 0.19722222222222222 0.5962962962962963 0.19583333333333333 0.5953703703703703 0.1951388888888889
0 0.6101851851851852 0.19166666666666668 0.6092592592592593 0.19236111111111112 0.6092592592592593 0.19444444444444445 0.6092592592592593 0.19375 0.6111111111111112 0.19236111111111112 0.612037037037037 0.19305555555555556 0.612037037037037 0.19236111111111112 0.6111111111111112 0.19166666666666668
0 0.6018518518518519 0.19027777777777777 0.6018518518518519 0.1909722222222222 0.6046296296296296 0.19305555555555556 0.6046296296296296 0.19375 0.6037037037037037 0.19444444444444445 0.6027777777777777 0.19444444444444445 0.6018518518518519 0.1951388888888889 0.6018518518518519 0.19583333333333333 0.6046296296296296 0.19583333333333333 0.6046296296296296 0.19166666666666668 0.6027777777777777 0.19027777777777777
0 0.587037037037037 0.18819444444444444 0.5861111111111111 0.18888888888888888 0.5861111111111111 0.1909722222222222 0.587037037037037 0.1909722222222222 0.5879629629629629 0.19166666666666668 0.5888888888888889 0.19166666666666668 0.5898148148148148 0.19236111111111112 0.5898148148148148 0.19375 0.5916666666666667 0.19375 0.5925925925925926 0.19305555555555556 0.5925925925925926 0.1909722222222222 0.5935185185185186 0.19027777777777777 0.5953703703703703 0.19027777777777777 0.5953703703703703 0.18958333333333333 0.5962962962962963 0.18888888888888888 0.5953703703703703 0.18819444444444444 0.5935185185185186 0.18819444444444444 0.5925925925925926 0.18888888888888888 0.5925925925925926 0.18958333333333333 0.5916666666666667 0.19027777777777777 0.5907407407407408 0.19027777777777777 0.5898148148148148 0.18958333333333333 0.5898148148148148 0.18888888888888888 0.5888888888888889 0.18819444444444444
0 0.5435185185185185 0.18680555555555556 0.5407407407407407 0.18888888888888888 0.5398148148148149 0.18888888888888888 0.537962962962963 0.19027777777777777 0.5370370370370371 0.19027777777777777 0.5351851851851852 0.19166666666666668 0.5342592592592592 0.19166666666666668 0.5333333333333333 0.19236111111111112 0.5324074074074074 0.19236111111111112 0.5305555555555556 0.19375 0.5305555555555556 0.19722222222222222 0.5277777777777778 0.19930555555555557 0.5268518518518519 0.19930555555555557 0.5268518518518519 0.2 0.5277777777777778 0.2 0.5277777777777778 0.19930555555555557 0.5314814814814814 0.19652777777777777 0.5324074074074074 0.19652777777777777 0.5370370370370371 0.19305555555555556 0.5370370370370371 0.19236111111111112 0.5398148148148149 0.19027777777777777 0.5407407407407407 0.19027777777777777 0.5416666666666666 0.18958333333333333 0.5416666666666666 0.18888888888888888 0.5425925925925926 0.18819444444444444 0.5425925925925926 0.1875
0 0.44722222222222224 0.06458333333333334 0.44537037037037036 0.06597222222222222 0.44537037037037036 0.06666666666666667 0.4425925925925926 0.06875 0.4425925925925926 0.06944444444444445 0.44166666666666665 0.07013888888888889 0.44166666666666665 0.07083333333333333 0.44074074074074077 0.07152777777777777 0.4398148148148148 0.07152777777777777 0.4398148148148148 0.07291666666666667 0.4388888888888889 0.07361111111111111 0.4388888888888889 0.0763888888888889 0.43796296296296294 0.07708333333333334 0.43796296296296294 0.07847222222222222 0.43703703703703706 0.07916666666666666 0.43703703703703706 0.08472222222222223 0.43796296296296294 0.08541666666666667 0.43796296296296294 0.08680555555555555 0.4398148148148148 0.08819444444444445 0.44074074074074077 0.08819444444444445 0.44166666666666665 0.08888888888888889 0.4425925925925926 0.08888888888888889 0.4462962962962963 0.09166666666666666 0.44722222222222224 0.09166666666666666 0.44814814814814813 0.09236111111111112 0.44907407407407407 0.09236111111111112 0.45555555555555555 0.09722222222222222 0.4564814814814815 0.09722222222222222 0.46111111111111114 0.10069444444444445 0.46111111111111114 0.1 0.462037037037037 0.09930555555555555 0.462037037037037 0.09861111111111111 0.46296296296296297 0.09791666666666667 0.4638888888888889 0.09791666666666667 0.4648148148148148 0.09722222222222222 0.4648148148148148 0.09513888888888888 0.4666666666666667 0.09375 0.4685185185185185 0.09513888888888888 0.4685185185185185 0.09652777777777778 0.47314814814814815 0.1 0.47314814814814815 0.10069444444444445 0.4740740740740741 0.10138888888888889 0.4740740740740741 0.10208333333333333 0.475 0.10277777777777777 0.475 0.10555555555555556 0.4759259259259259 0.10625 0.4759259259259259 0.1076388888888889 0.475 0.10833333333333334 0.475 0.10902777777777778 0.4787037037037037 0.10902777777777778 0.48055555555555557 0.11041666666666666 0.48148148148148145 0.11041666666666666 0.48333333333333334 0.11180555555555556 0.4842592592592593 0.11180555555555556 0.48518518518518516 0.1125 0.4861111111111111 0.1125 0.4898148148148148 0.11527777777777778 0.49074074074074076 0.11527777777777778 0.49166666666666664 0.11597222222222223 0.4925925925925926 0.11597222222222223 0.4935185185185185 0.11666666666666667 0.49444444444444446 0.11666666666666667 0.49537037037037035 0.11736111111111111 0.4962962962962963 0.11736111111111111 0.49722222222222223 0.11805555555555555 0.4981481481481482 0.11805555555555555 0.5046296296296297 0.12291666666666666 0.5055555555555555 0.12291666666666666 0.5064814814814815 0.12361111111111112 0.5074074074074074 0.12361111111111112 0.5120370370370371 0.12708333333333333 0.5166666666666667 0.12708333333333333 0.5175925925925926 0.12777777777777777 0.5194444444444445 0.12777777777777777 0.5212962962962963 0.12916666666666668 0.5222222222222223 0.12916666666666668 0.525 0.13125 0.5259259259259259 0.13125 0.5268518518518519 0.13194444444444445 0.5277777777777778 0.13194444444444445 0.5305555555555556 0.13402777777777777 0.5305555555555556 0.13472222222222222 0.5324074074074074 0.1361111111111111 0.5324074074074074 0.13680555555555557 0.5351851851851852 0.1388888888888889 0.5361111111111111 0.1388888888888889 0.5370370370370371 0.13958333333333334 0.537962962962963 0.13958333333333334 0.5388888888888889 0.14027777777777778 0.5388888888888889 0.14097222222222222 0.5416666666666666 0.14305555555555555 0.5425925925925926 0.14305555555555555 0.5435185185185185 0.14375 0.5444444444444444 0.14375 0.5462962962962963 0.1451388888888889 0.5472222222222223 0.1451388888888889 0.55 0.14722222222222223 0.5509259259259259 0.14722222222222223 0.5518518518518518 0.14791666666666667 0.5527777777777778 0.14791666666666667 0.5546296296296296 0.14930555555555555 0.5555555555555556 0.14930555555555555 0.5574074074074075 0.15069444444444444 0.5583333333333333 0.15069444444444444 0.5592592592592592 0.15138888888888888 0.5601851851851852 0.15138888888888888 0.5611111111111111 0.15208333333333332 0.5611111111111111 0.1527777777777778 0.562962962962963 0.15416666666666667 0.5638888888888889 0.15416666666666667 0.5648148148148148 0.15486111111111112 0.5657407407407408 0.15486111111111112 0.5675925925925925 0.15625 0.5685185185185185 0.15625 0.5722222222222222 0.15902777777777777 0.5731481481481482 0.15902777777777777 0.575 0.16041666666666668 0.575925925925926 0.16041666666666668 0.5787037037037037 0.1625 0.5796296296296296 0.1625 0.5805555555555556 0.16319444444444445 0.5814814814814815 0.16319444444444445 0.5824074074074074 0.1638888888888889 0.5833333333333334 0.1638888888888889 0.5842592592592593 0.16458333333333333 0.5851851851851851 0.16458333333333333 0.5879629629629629 0.16666666666666666 0.5888888888888889 0.16666666666666666 0.5944444444444444 0.17083333333333334 0.5953703703703703 0.17083333333333334 0.5962962962962963 0.17152777777777778 0.5972222222222222 0.17152777777777778 0.5981481481481481 0.17222222222222222 0.5990740740740741 0.17222222222222222 0.6 0.17291666666666666 0.600925925925926 0.17291666666666666 0.6037037037037037 0.175 0.6046296296296296 0.175 0.6074074074074074 0.17708333333333334 0.6083333333333333 0.17708333333333334 0.6111111111111112 0.17916666666666667 0.612037037037037 0.17916666666666667 0.6129629629629629 0.1798611111111111 0.6138888888888889 0.1798611111111111 0.6157407407407407 0.18125 0.6166666666666667 0.18125 0.6185185185185185 0.18263888888888888 0.6185185185185185 0.18333333333333332 0.6203703703703703 0.18472222222222223 0.6212962962962963 0.18472222222222223 0.6222222222222222 0.18541666666666667 0.6231481481481481 0.18541666666666667 0.6240740740740741 0.18611111111111112 0.625 0.18611111111111112 0.6259259259259259 0.18680555555555556 0.6268518518518519 0.18680555555555556 0.6296296296296297 0.18888888888888888 0.6305555555555555 0.18888888888888888 0.6314814814814815 0.18958333333333333 0.6324074074074074 0.18958333333333333 0.6342592592592593 0.1909722222222222 0.6351851851851852 0.1909722222222222 0.637962962962963 0.19305555555555556 0.6388888888888888 0.19305555555555556 0.6398148148148148 0.19375 0.6425925925925926 0.19375 0.6435185185185185 0.19444444444444445 0.6453703703703704 0.19444444444444445 0.6462962962962963 0.1951388888888889 0.6472222222222223 0.1951388888888889 0.6481481481481481 0.19583333333333333 0.6481481481481481 0.19652777777777777 0.649074074074074 0.19722222222222222 0.649074074074074 0.2013888888888889 0.6481481481481481 0.20208333333333334 0.6481481481481481 0.20277777777777778 0.6472222222222223 0.20347222222222222 0.6472222222222223 0.2076388888888889 0.6462962962962963 0.20833333333333334 0.6462962962962963 0.2125 0.6453703703703704 0.21319444444444444 0.6453703703703704 0.21736111111111112 0.6444444444444445 0.21805555555555556 0.6444444444444445 0.22013888888888888 0.6435185185185185 0.22083333333333333 0.6435185185185185 0.22361111111111112 0.6425925925925926 0.22430555555555556 0.6425925925925926 0.22708333333333333 0.6416666666666667 0.22777777777777777 0.6416666666666667 0.23333333333333334 0.6407407407407407 0.23402777777777778 0.6407407407407407 0.24375 0.6398148148148148 0.24444444444444444 0.6398148148148148 0.25 0.6388888888888888 0.25069444444444444 0.6388888888888888 0.25277777777777777 0.637962962962963 0.2534722222222222 0.637962962962963 0.2569444444444444 0.6388888888888888 0.25763888888888886 0.6388888888888888 0.2611111111111111 0.637962962962963 0.26180555555555557 0.6370370370370371 0.2611111111111111 0.6342592592592593 0.2611111111111111 0.6333333333333333 0.26180555555555557 0.6333333333333333 0.26458333333333334 0.6342592592592593 0.2652777777777778 0.6342592592592593 0.2659722222222222 0.6333333333333333 0.26666666666666666 0.6333333333333333 0.2673611111111111 0.6277777777777778 0.27152777777777776 0.6268518518518519 0.2708333333333333 0.6268518518518519 0.2701388888888889 0.6259259259259259 0.2708333333333333 0.6268518518518519 0.27152777777777776 0.6268518518518519 0.2722222222222222 0.6259259259259259 0.27291666666666664 0.6259259259259259 0.2743055555555556 0.625 0.275 0.625 0.27708333333333335 0.6231481481481481 0.27847222222222223 0.6222222222222222 0.2777777777777778 0.6222222222222222 0.27708333333333335 0.6231481481481481 0.2763888888888889 0.6231481481481481 0.27569444444444446 0.6222222222222222 0.275 0.6222222222222222 0.2743055555555556 0.6194444444444445 0.2743055555555556 0.6185185185185185 0.275 0.6185185185185185 0.27569444444444446 0.6175925925925926 0.2763888888888889 0.6175925925925926 0.2777777777777778 0.6166666666666667 0.27847222222222223 0.6166666666666667 0.2791666666666667 0.6148148148148148 0.28055555555555556 0.6138888888888889 0.2798611111111111 0.6129629629629629 0.2798611111111111 0.612037037037037 0.2791666666666667 0.6111111111111112 0.2798611111111111 0.6111111111111112 0.28194444444444444 0.6092592592592593 0.2833333333333333 0.6074074074074074 0.2833333333333333 0.6064814814814815 0.28402777777777777 0.6064814814814815 0.2847222222222222 0.6055555555555555 0.28541666666666665 0.6046296296296296 0.28541666666666665 0.6037037037037037 0.2861111111111111 0.6018518518518519 0.2861111111111111 0.6 0.2875 0.5962962962962963 0.2875 0.5944444444444444 0.2861111111111111 0.5944444444444444 0.28541666666666665 0.5935185185185186 0.2847222222222222 0.5935185185185186 0.2833333333333333 0.5916666666666667 0.28194444444444444 0.5879629629629629 0.28194444444444444 0.587037037037037 0.28125 0.5861111111111111 0.28125 0.5851851851851851 0.28055555555555556 0.5842592592592593 0.28055555555555556 0.5833333333333334 0.2798611111111111 0.5814814814814815 0.2798611111111111 0.5805555555555556 0.2791666666666667 0.5796296296296296 0.2791666666666667 0.575 0.27569444444444446 0.5731481481481482 0.27569444444444446 0.5722222222222222 0.275 0.5712962962962963 0.275 0.5685185185185185 0.27291666666666664 0.5666666666666667 0.27291666666666664 0.5601851851851852 0.26805555555555555 0.5601851851851852 0.2673611111111111 0.5592592592592592 0.26666666666666666 0.5592592592592592 0.2659722222222222 0.5564814814814815 0.2659722222222222 0.5555555555555556 0.2652777777777778 0.5546296296296296 0.2652777777777778 0.5537037037037037 0.26458333333333334 0.5509259259259259 0.26458333333333334 0.55 0.2638888888888889 0.5462962962962963 0.2638888888888889 0.5453703703703704 0.26458333333333334 0.5444444444444444 0.2638888888888889 0.5444444444444444 0.26319444444444445 0.5435185185185185 0.26319444444444445 0.5425925925925926 0.2638888888888889 0.5416666666666666 0.26319444444444445 0.5416666666666666 0.2625 0.5407407407407407 0.26180555555555557 0.5407407407407407 0.2611111111111111 0.5398148148148149 0.2604166666666667 0.5398148148148149 0.2590277777777778 0.5388888888888889 0.25833333333333336 0.537962962962963 0.25833333333333336 0.5370370370370371 0.25763888888888886 0.5388888888888889 0.25625 0.5407407407407407 0.25625 0.5416666666666666 0.25555555555555554 0.5416666666666666 0.2548611111111111 0.5444444444444444 0.25277777777777777 0.5481481481481482 0.25277777777777777 0.5518518518518518 0.25555555555555554 0.5518518518518518 0.25763888888888886 0.5527777777777778 0.25833333333333336 0.5527777777777778 0.25972222222222224 0.5537037037037037 0.25972222222222224 0.5564814814814815 0.26180555555555557 0.5574074074074075 0.26180555555555557 0.5583333333333333 0.2625 0.5592592592592592 0.2625 0.5611111111111111 0.2611111111111111 0.5611111111111111 0.2548611111111111 0.5648148148148148 0.2520833333333333 0.5666666666666667 0.2520833333333333 0.5675925925925925 0.2513888888888889 0.5675925925925925 0.25069444444444444 0.5666666666666667 0.25 0.5666666666666667 0.24930555555555556 0.5657407407407408 0.24861111111111112 0.5657407407407408 0.24791666666666667 0.5685185185185185 0.24583333333333332 0.5694444444444444 0.24583333333333332 0.5712962962962963 0.24444444444444444 0.5722222222222222 0.24444444444444444 0.5731481481481482 0.24375 0.575 0.24375 0.575 0.24305555555555555 0.575925925925926 0.2423611111111111 0.575925925925926 0.24097222222222223 0.5805555555555556 0.2375 0.5805555555555556 0.23680555555555555 0.5861111111111111 0.2326388888888889 0.5861111111111111 0.23194444444444445 0.5907407407407408 0.22847222222222222 0.5916666666666667 0.22847222222222222 0.5916666666666667 0.22777777777777777 0.5925925925925926 0.22708333333333333 0.5925925925925926 0.2263888888888889 0.5935185185185186 0.22569444444444445 0.5935185185185186 0.225 0.5953703703703703 0.22361111111111112 0.5953703703703703 0.22291666666666668 0.5925925925925926 0.225 0.5925925925925926 0.22569444444444445 0.5907407407407408 0.22708333333333333 0.5898148148148148 0.22708333333333333 0.5861111111111111 0.2298611111111111 0.5861111111111111 0.23055555555555557 0.5851851851851851 0.23125 0.5851851851851851 0.23194444444444445 0.5787037037037037 0.23680555555555555 0.5787037037037037 0.2375 0.5731481481481482 0.24166666666666667 0.5722222222222222 0.24166666666666667 0.5694444444444444 0.24375 0.5694444444444444 0.24444444444444444 0.562037037037037 0.25 0.562037037037037 0.25069444444444444 0.5611111111111111 0.2513888888888889 0.5611111111111111 0.2520833333333333 0.5601851851851852 0.25277777777777777 0.5601851851851852 0.2534722222222222 0.5592592592592592 0.25416666666666665 0.5564814814814815 0.25416666666666665 0.5537037037037037 0.2520833333333333 0.5518518518518518 0.2520833333333333 0.549074074074074 0.25 0.5481481481481482 0.25 0.5472222222222223 0.24930555555555556 0.5462962962962963 0.24930555555555556 0.5435185185185185 0.24722222222222223 0.5472222222222223 0.24444444444444444 0.5481481481481482 0.24444444444444444 0.5481481481481482 0.2423611111111111 0.5453703703703704 0.24027777777777778 0.5425925925925926 0.24027777777777778 0.5416666666666666 0.24097222222222223 0.5398148148148149 0.24097222222222223 0.5388888888888889 0.24166666666666667 0.5388888888888889 0.24305555555555555 0.537962962962963 0.24375 0.537962962962963 0.24513888888888888 0.5370370370370371 0.24583333333333332 0.5361111111111111 0.24583333333333332 0.5351851851851852 0.24513888888888888 0.5351851851851852 0.24375 0.5342592592592592 0.24305555555555555 0.5342592592592592 0.2423611111111111 0.5333333333333333 0.24166666666666667 0.5314814814814814 0.24305555555555555 0.5314814814814814 0.24444444444444444 0.5305555555555556 0.24513888888888888 0.5305555555555556 0.24583333333333332 0.5287037037037037 0.24722222222222223 0.5268518518518519 0.24583333333333332 0.5268518518518519 0.24375 0.5259259259259259 0.24305555555555555 0.5259259259259259 0.2423611111111111 0.525 0.24166666666666667 0.524074074074074 0.24166666666666667 0.5231481481481481 0.24097222222222223 0.5222222222222223 0.24097222222222223 0.5212962962962963 0.24027777777777778 0.5212962962962963 0.23958333333333334 0.5185185185185185 0.2375 0.5185185185185185 0.23541666666666666 0.5194444444444445 0.23472222222222222 0.5194444444444445 0.23402777777777778 0.5203703703703704 0.23333333333333334 0.5203703703703704 0.23194444444444445 0.5194444444444445 0.23125 0.5148148148148148 0.23125 0.5148148148148148 0.2375 0.512962962962963 0.2388888888888889 0.5120370370370371 0.2388888888888889 0.5111111111111111 0.23819444444444443 0.5101851851851852 0.23819444444444443 0.5074074074074074 0.2361111111111111 0.5083333333333333 0.23541666666666666 0.5083333333333333 0.23472222222222222 0.5111111111111111 0.2326388888888889 0.5111111111111111 0.22916666666666666 0.5092592592592593 0.22777777777777777 0.5083333333333333 0.22777777777777777 0.5074074074074074 0.22847222222222222 0.5018518518518519 0.22847222222222222 0.5009259259259259 0.22916666666666666 0.5 0.22916666666666666 0.4981481481481482 0.23055555555555557 0.49722222222222223 0.23055555555555557 0.4962962962962963 0.2298611111111111 0.4935185185185185 0.2298611111111111 0.4925925925925926 0.22916666666666666 0.4898148148148148 0.22916666666666666 0.4888888888888889 0.22847222222222222 0.49074074074074076 0.2298611111111111 0.49166666666666664 0.2298611111111111 0.4925925925925926 0.23055555555555557 0.4925925925925926 0.23194444444444445 0.4935185185185185 0.2326388888888889 0.4935185185185185 0.23333333333333334 0.49537037037037035 0.23472222222222222 0.4935185185185185 0.2361111111111111 0.4925925925925926 0.2361111111111111 0.49166666666666664 0.23541666666666666 0.49166666666666664 0.23472222222222222 0.48703703703703705 0.23125 0.4861111111111111 0.23125 0.48518518518518516 0.23055555555555557 0.4842592592592593 0.23055555555555557 0.4824074074074074 0.22916666666666666 0.4824074074074074 0.22708333333333333 0.48148148148148145 0.2263888888888889 0.475 0.2263888888888889 0.47314814814814815 0.225 0.4722222222222222 0.225 0.4703703703703704 0.22361111111111112 0.46944444444444444 0.22361111111111112 0.4685185185185185 0.22291666666666668 0.4685185185185185 0.22152777777777777 0.4675925925925926 0.22083333333333333 0.4675925925925926 0.21805555555555556 0.4666666666666667 0.21736111111111112 0.4666666666666667 0.21458333333333332 0.46574074074074073 0.21388888888888888 0.46574074074074073 0.21041666666666667 0.4648148148148148 0.20972222222222223 0.4648148148148148 0.2076388888888889 0.46296296296296297 0.2076388888888889 0.462037037037037 0.20694444444444443 0.46111111111111114 0.2076388888888889 0.45925925925925926 0.2076388888888889 0.4583333333333333 0.20833333333333334 0.46111111111111114 0.21041666666666667 0.46111111111111114 0.2111111111111111 0.462037037037037 0.21180555555555555 0.462037037037037 0.21319444444444444 0.46111111111111114 0.21388888888888888 0.46111111111111114 0.2152777777777778 0.45925925925925926 0.21666666666666667 0.45740740740740743 0.21666666666666667 0.4564814814814815 0.21597222222222223 0.45555555555555555 0.21597222222222223 0.4546296296296296 0.2152777777777778 0.4537037037037037 0.2152777777777778 0.4527777777777778 0.21458333333333332 0.45185185185185184 0.21458333333333332 0.45092592592592595 0.21388888888888888 0.45092592592592595 0.21319444444444444 0.45 0.21319444444444444 0.44814814814814813 0.21180555555555555 0.44722222222222224 0.21180555555555555 0.4462962962962963 0.2111111111111111 0.4462962962962963 0.20972222222222223 0.44537037037037036 0.20902777777777778 0.44537037037037036 0.20833333333333334 0.4462962962962963 0.2076388888888889 0.4462962962962963 0.20555555555555555 0.45092592592592595 0.20208333333333334 0.4537037037037037 0.20208333333333334 0.4537037037037037 0.2013888888888889 0.4546296296296296 0.20069444444444445 0.45555555555555555 0.20069444444444445 0.45740740740740743 0.19930555555555557 0.4537037037037037 0.19930555555555557 0.45092592592592595 0.2013888888888889 0.45092592592592595 0.20208333333333334 0.44907407407407407 0.20347222222222222 0.4398148148148148 0.20347222222222222 0.4388888888888889 0.20416666666666666 0.4361111111111111 0.20416666666666666 0.4351851851851852 0.20347222222222222 0.43425925925925923 0.20347222222222222 0.43333333333333335 0.20277777777777778 0.43148148148148147 0.20277777777777778 0.4305555555555556 0.20208333333333334 0.42962962962962964 0.20208333333333334 0.4287037037037037 0.2013888888888889 0.42777777777777776 0.2013888888888889 0.42685185185185187 0.20069444444444445 0.42592592592592593 0.20069444444444445 0.42407407407407405 0.19930555555555557 0.42314814814814816 0.19930555555555557 0.4185185185185185 0.19583333333333333 0.4166666666666667 0.19583333333333333 0.41574074074074074 0.1951388888888889 0.41388888888888886 0.1951388888888889 0.4111111111111111 0.19305555555555556 0.4111111111111111 0.19027777777777777 0.41203703703703703 0.18958333333333333 0.4111111111111111 0.18888888888888888 0.4111111111111111 0.1875 0.4064814814814815 0.1875 0.40555555555555556 0.18819444444444444 0.40185185185185185 0.18819444444444444 0.4009259259259259 0.1875 0.39537037037037037 0.1875 0.39444444444444443 0.18819444444444444 0.39444444444444443 0.18888888888888888 0.3925925925925926 0.19027777777777777 0.3925925925925926 0.19166666666666668 0.39166666666666666 0.19236111111111112 0.39166666666666666 0.19791666666666666 0.39537037037037037 0.20069444444444445 0.3962962962962963 0.20069444444444445 0.3972222222222222 0.2013888888888889 0.40370370370370373 0.2013888888888889 0.4046296296296296 0.20208333333333334 0.40555555555555556 0.20208333333333334 0.4083333333333333 0.20416666666666666 0.40925925925925927 0.20416666666666666 0.4101851851851852 0.2048611111111111 0.4111111111111111 0.2048611111111111 0.412962962962963 0.20625 0.41388888888888886 0.20625 0.4148148148148148 0.20694444444444443 0.4148148148148148 0.2076388888888889 0.41574074074074074 0.20833333333333334 0.4166666666666667 0.20833333333333334 0.41759259259259257 0.20902777777777778 0.4185185185185185 0.20902777777777778 0.41944444444444445 0.20972222222222223 0.4203703703703704 0.20972222222222223 0.4222222222222222 0.2111111111111111 0.42314814814814816 0.2111111111111111 0.42592592592592593 0.21319444444444444 0.42685185185185187 0.21319444444444444 0.43148148148148147 0.21666666666666667 0.4324074074074074 0.21666666666666667 0.43333333333333335 0.21736111111111112 0.4351851851851852 0.21736111111111112 0.43796296296296294 0.21944444444444444 0.43703703703703706 0.22013888888888888 0.43703703703703706 0.22083333333333333 0.43796296296296294 0.22152777777777777 0.43796296296296294 0.22777777777777777 0.43703703703703706 0.22847222222222222 0.43703703703703706 0.2326388888888889 0.4388888888888889 0.23402777777777778 0.44351851851851853 0.23402777777777778 0.4444444444444444 0.23333333333333334 0.4462962962962963 0.23333333333333334 0.44722222222222224 0.2326388888888889 0.44814814814814813 0.23333333333333334 0.44907407407407407 0.23333333333333334 0.45 0.23402777777777778 0.45092592592592595 0.23402777777777778 0.45092592592592595 0.2326388888888889 0.45185185185185184 0.23194444444444445 0.45185185185185184 0.23125 0.4527777777777778 0.23055555555555557 0.4527777777777778 0.2298611111111111 0.4537037037037037 0.22916666666666666 0.4537037037037037 0.22847222222222222 0.4546296296296296 0.22777777777777777 0.4583333333333333 0.23055555555555557 0.46111111111111114 0.23055555555555557 0.462037037037037 0.23125 0.462037037037037 0.23194444444444445 0.46296296296296297 0.23194444444444445 0.4638888888888889 0.2326388888888889 0.46574074074074073 0.2326388888888889 0.4675925925925926 0.23402777777777778 0.4675925925925926 0.23472222222222222 0.4685185185185185 0.23541666666666666 0.4685185185185185 0.2361111111111111 0.46944444444444444 0.23680555555555555 0.4703703703703704 0.23680555555555555 0.47129629629629627 0.2375 0.475 0.2375 0.4777777777777778 0.23958333333333334 0.4777777777777778 0.24027777777777778 0.47962962962962963 0.24027777777777778 0.48055555555555557 0.23958333333333334 0.4824074074074074 0.24097222222222223 0.4824074074074074 0.2423611111111111 0.48148148148148145 0.24305555555555555 0.48518518518518516 0.24583333333333332 0.48518518518518516 0.24722222222222223 0.4861111111111111 0.24791666666666667 0.4888888888888889 0.24791666666666667 0.4898148148148148 0.24861111111111112 0.4898148148148148 0.24930555555555556 0.49166666666666664 0.25069444444444444 0.49166666666666664 0.2520833333333333 0.4925925925925926 0.25277777777777777 0.4925925925925926 0.25416666666666665 0.4925925925925926 0.2534722222222222 0.49444444444444446 0.2520833333333333 0.49444444444444446 0.25069444444444444 0.4935185185185185 0.25069444444444444 0.4925925925925926 0.25 0.49166666666666664 0.25 0.49074074074074076 0.24930555555555556 0.49074074074074076 0.24791666666666667 0.49166666666666664 0.24722222222222223 0.49444444444444446 0.24722222222222223 0.49537037037037035 0.2465277777777778 0.4981481481481482 0.24861111111111112 0.4981481481481482 0.24930555555555556 0.5 0.25069444444444444 0.5 0.2513888888888889 0.5009259259259259 0.2520833333333333 0.5018518518518519 0.2520833333333333 0.5055555555555555 0.2548611111111111 0.5055555555555555 0.25625 0.5064814814814815 0.25555555555555554 0.5074074074074074 0.25555555555555554 0.5092592592592593 0.2569444444444444 0.5101851851851852 0.2569444444444444 0.5111111111111111 0.25763888888888886 0.5120370370370371 0.25763888888888886 0.512962962962963 0.25833333333333336 0.5138888888888888 0.25833333333333336 0.5157407407407407 0.25972222222222224 0.5166666666666667 0.25972222222222224 0.5185185185185185 0.2611111111111111 0.5194444444444445 0.2611111111111111 0.5203703703703704 0.26180555555555557 0.5212962962962963 0.26180555555555557 0.5231481481481481 0.26319444444444445 0.5231481481481481 0.2638888888888889 0.524074074074074 0.26458333333333334 0.525 0.26458333333333334 0.5259259259259259 0.2652777777777778 0.5268518518518519 0.2652777777777778 0.5277777777777778 0.2659722222222222 0.5361111111111111 0.2659722222222222 0.5370370370370371 0.26666666666666666 0.5388888888888889 0.26666666666666666 0.5407407407407407 0.26805555555555555 0.5398148148148149 0.26875 0.5398148148148149 0.27152777777777776 0.5407407407407407 0.27152777777777776 0.5416666666666666 0.2722222222222222 0.5435185185185185 0.2722222222222222 0.5444444444444444 0.27291666666666664 0.5444444444444444 0.27361111111111114 0.5472222222222223 0.27569444444444446 0.5481481481481482 0.27569444444444446 0.549074074074074 0.2763888888888889 0.55 0.2763888888888889 0.5509259259259259 0.27708333333333335 0.5518518518518518 0.27708333333333335 0.5555555555555556 0.2798611111111111 0.5564814814814815 0.2798611111111111 0.5574074074074075 0.28055555555555556 0.5583333333333333 0.28055555555555556 0.5592592592592592 0.28125 0.5601851851851852 0.28125 0.5638888888888889 0.28402777777777777 0.5648148148148148 0.28402777777777777 0.5657407407407408 0.2847222222222222 0.5666666666666667 0.2847222222222222 0.5675925925925925 0.28541666666666665 0.5685185185185185 0.28541666666666665 0.5694444444444444 0.2861111111111111 0.5694444444444444 0.28680555555555554 0.5722222222222222 0.28888888888888886 0.5731481481481482 0.28888888888888886 0.5768518518518518 0.2916666666666667 0.5768518518518518 0.2923611111111111 0.5777777777777777 0.29305555555555557 0.5777777777777777 0.29444444444444445 0.5787037037037037 0.2951388888888889 0.5787037037037037 0.29583333333333334 0.5851851851851851 0.30069444444444443 0.5851851851851851 0.3013888888888889 0.5861111111111111 0.3020833333333333 0.5861111111111111 0.3090277777777778 0.587037037037037 0.30972222222222223 0.587037037037037 0.3111111111111111 0.5879629629629629 0.31180555555555556 0.5888888888888889 0.31180555555555556 0.5916666666666667 0.3138888888888889 0.5925925925925926 0.3138888888888889 0.5935185185185186 0.3145833333333333 0.5944444444444444 0.3145833333333333 0.5962962962962963 0.3159722222222222 0.6 0.3159722222222222 0.6018518518518519 0.3173611111111111 0.6018518518518519 0.31805555555555554 0.6037037037037037 0.3194444444444444 0.6046296296296296 0.31875 0.6046296296296296 0.31805555555555554 0.6055555555555555 0.3173611111111111 0.6074074074074074 0.3173611111111111 0.6064814814814815 0.31666666666666665 0.6083333333333333 0.31527777777777777 0.6083333333333333 0.31319444444444444 0.6092592592592593 0.3125 0.6092592592592593 0.31180555555555556 0.6111111111111112 0.3104166666666667 0.612037037037037 0.3104166666666667 0.6129629629629629 0.3111111111111111 0.6148148148148148 0.3111111111111111 0.6157407407407407 0.31180555555555556 0.6222222222222222 0.31180555555555556 0.6231481481481481 0.3111111111111111 0.6240740740740741 0.3111111111111111 0.625 0.31180555555555556 0.625 0.31319444444444444 0.6259259259259259 0.3138888888888889 0.6259259259259259 0.3229166666666667 0.625 0.3236111111111111 0.625 0.3388888888888889 0.6240740740740741 0.33958333333333335 0.6240740740740741 0.34375 0.6231481481481481 0.34444444444444444 0.6231481481481481 0.3486111111111111 0.6222222222222222 0.34930555555555554 0.6222222222222222 0.3541666666666667 0.6212962962962963 0.3548611111111111 0.6212962962962963 0.3597222222222222 0.6203703703703703 0.36041666666666666 0.6203703703703703 0.3645833333333333 0.6194444444444445 0.36527777777777776 0.6194444444444445 0.36666666666666664 0.6185185185185185 0.36736111111111114 0.6185185185185185 0.3701388888888889 0.6175925925925926 0.37083333333333335 0.6175925925925926 0.3784722222222222 0.6166666666666667 0.37916666666666665 0.6166666666666667 0.3854166666666667 0.6157407407407407 0.3861111111111111 0.6157407407407407 0.3875 0.6129629629629629 0.38958333333333334 0.612037037037037 0.38958333333333334 0.612037037037037 0.3909722222222222 0.6129629629629629 0.39166666666666666 0.6129629629629629 0.39444444444444443 0.612037037037037 0.3951388888888889 0.612037037037037 0.39652777777777776 0.6111111111111112 0.3972222222222222 0.6083333333333333 0.3972222222222222 0.6092592592592593 0.39791666666666664 0.6092592592592593 0.40069444444444446 0.6101851851851852 0.4013888888888889 0.6101851851851852 0.4041666666666667 0.6111111111111112 0.4048611111111111 0.6111111111111112 0.4097222222222222 0.612037037037037 0.41041666666666665 0.612037037037037 0.4111111111111111 0.6111111111111112 0.41180555555555554 0.6111111111111112 0.41388888888888886 0.6101851851851852 0.41458333333333336 0.6101851851851852 0.4173611111111111 0.6092592592592593 0.41805555555555557 0.6092592592592593 0.4222222222222222 0.6083333333333333 0.42291666666666666 0.6083333333333333 0.4284722222222222 0.6074074074074074 0.42916666666666664 0.6074074074074074 0.4326388888888889 0.6064814814814815 0.43333333333333335 0.6064814814814815 0.44027777777777777 0.6055555555555555 0.4409722222222222 0.6055555555555555 0.44583333333333336 0.6046296296296296 0.4465277777777778 0.6046296296296296 0.45 0.6037037037037037 0.45069444444444445 0.6037037037037037 0.4513888888888889 0.6046296296296296 0.45208333333333334 0.6046296296296296 0.4576388888888889 0.6037037037037037 0.4583333333333333 0.6037037037037037 0.4625 0.6027777777777777 0.46319444444444446 0.6027777777777777 0.4666666666666667 0.6018518518518519 0.4673611111111111 0.6018518518518519 0.46805555555555556 0.600925925925926 0.46875 0.600925925925926 0.4701388888888889 0.6 0.4708333333333333 0.6 0.475 0.5990740740740741 0.4756944444444444 0.5990740740740741 0.47847222222222224 0.5981481481481481 0.4791666666666667 0.5981481481481481 0.48194444444444445 0.5972222222222222 0.4826388888888889 0.5972222222222222 0.4840277777777778 0.5962962962962963 0.4847222222222222 0.5962962962962963 0.4875 0.5953703703703703 0.48819444444444443 0.5953703703703703 0.49236111111111114 0.5944444444444444 0.4930555555555556 0.5944444444444444 0.49930555555555556 0.5935185185185186 0.5 0.5935185185185186 0.5069444444444444 0.5925925925925926 0.5076388888888889 0.5925925925925926 0.5104166666666666 0.5916666666666667 0.5111111111111111 0.5916666666666667 0.5145833333333333 0.5907407407407408 0.5152777777777777 0.5907407407407408 0.51875 0.5898148148148148 0.5194444444444445 0.5898148148148148 0.5229166666666667 0.5888888888888889 0.5236111111111111 0.5888888888888889 0.525 0.5879629629629629 0.5256944444444445 0.5879629629629629 0.5326388888888889 0.587037037037037 0.5333333333333333 0.587037037037037 0.5388888888888889 0.5861111111111111 0.5395833333333333 0.5861111111111111 0.5451388888888888 0.5851851851851851 0.5458333333333333 0.5851851851851851 0.5513888888888889 0.5842592592592593 0.5520833333333334 0.5842592592592593 0.5555555555555556 0.5833333333333334 0.55625 0.5833333333333334 0.5576388888888889 0.5824074074074074 0.5583333333333333 0.5824074074074074 0.5645833333333333 0.5814814814814815 0.5652777777777778 0.5814814814814815 0.5680555555555555 0.5805555555555556 0.56875 0.5805555555555556 0.5708333333333333 0.5796296296296296 0.5715277777777777 0.5796296296296296 0.5743055555555555 0.5787037037037037 0.575 0.5787037037037037 0.5791666666666667 0.5777777777777777 0.5798611111111112 0.5777777777777777 0.5895833333333333 0.5768518518518518 0.5902777777777778 0.5768518518518518 0.5993055555555555 0.575925925925926 0.6 0.575925925925926 0.6020833333333333 0.575 0.6027777777777777 0.575 0.6048611111111111 0.5740740740740741 0.6055555555555555 0.5740740740740741 0.6076388888888888 0.5731481481481482 0.6083333333333333 0.5731481481481482 0.6090277777777777 0.5722222222222222 0.6097222222222223 0.5722222222222222 0.6104166666666667 0.5712962962962963 0.6111111111111112 0.5712962962962963 0.6173611111111111 0.5703703703703704 0.6180555555555556 0.5703703703703704 0.6236111111111111 0.5694444444444444 0.6243055555555556 0.5694444444444444 0.6277777777777778 0.5685185185185185 0.6284722222222222 0.5685185185185185 0.63125 0.5675925925925925 0.6319444444444444 0.5675925925925925 0.6347222222222222 0.5666666666666667 0.6354166666666666 0.5666666666666667 0.6375 0.5657407407407408 0.6381944444444444 0.5657407407407408 0.6416666666666667 0.5648148148148148 0.6423611111111112 0.5648148148148148 0.6472222222222223 0.5638888888888889 0.6479166666666667 0.5638888888888889 0.6534722222222222 0.562962962962963 0.6541666666666667 0.562962962962963 0.6604166666666667 0.562037037037037 0.6611111111111111 0.562037037037037 0.6659722222222222 0.5611111111111111 0.6666666666666666 0.5611111111111111 0.6715277777777777 0.5601851851851852 0.6722222222222223 0.5601851851851852 0.6763888888888889 0.5592592592592592 0.6770833333333334 0.5592592592592592 0.6798611111111111 0.5583333333333333 0.6805555555555556 0.5583333333333333 0.6833333333333333 0.5574074074074075 0.6840277777777778 0.5574074074074075 0.6861111111111111 0.5564814814814815 0.6868055555555556 0.5564814814814815 0.6895833333333333 0.5555555555555556 0.6902777777777778 0.5555555555555556 0.6951388888888889 0.5546296296296296 0.6958333333333333 0.5546296296296296 0.7020833333333333 0.5537037037037037 0.7027777777777777 0.5537037037037037 0.7069444444444445 0.5527777777777778 0.7076388888888889 0.5527777777777778 0.7131944444444445 0.5518518518518518 0.7138888888888889 0.5518518518518518 0.7166666666666667 0.5509259259259259 0.7173611111111111 0.5509259259259259 0.7222222222222222 0.55 0.7229166666666667 0.55 0.725 0.549074074074074 0.7256944444444444 0.549074074074074 0.7284722222222222 0.5481481481481482 0.7291666666666666 0.5481481481481482 0.7354166666666667 0.5472222222222223 0.7361111111111112 0.5472222222222223 0.7416666666666667 0.5462962962962963 0.7423611111111111 0.5462962962962963 0.7444444444444445 0.5453703703703704 0.7451388888888889 0.5453703703703704 0.7472222222222222 0.5444444444444444 0.7479166666666667 0.5444444444444444 0.7534722222222222 0.5435185185185185 0.7541666666666667 0.5435185185185185 0.7576388888888889 0.5425925925925926 0.7583333333333333 0.5425925925925926 0.7590277777777777 0.5416666666666666 0.7597222222222222 0.5416666666666666 0.7625 0.5407407407407407 0.7631944444444444 0.5407407407407407 0.7666666666666667 0.5398148148148149 0.7673611111111112 0.5398148148148149 0.7729166666666667 0.5388888888888889 0.7736111111111111 0.5388888888888889 0.7784722222222222 0.537962962962963 0.7791666666666667 0.537962962962963 0.7833333333333333 0.5370370370370371 0.7840277777777778 0.5370370370370371 0.7868055555555555 0.5361111111111111 0.7875 0.5361111111111111 0.7916666666666666 0.5351851851851852 0.7923611111111111 0.5351851851851852 0.7951388888888888 0.5342592592592592 0.7958333333333333 0.5342592592592592 0.7972222222222223 0.5333333333333333 0.7979166666666667 0.5333333333333333 0.8027777777777778 0.5324074074074074 0.8034722222222223 0.5324074074074074 0.8097222222222222 0.5314814814814814 0.8104166666666667 0.5314814814814814 0.8131944444444444 0.5305555555555556 0.8138888888888889 0.5305555555555556 0.8159722222222222 0.5296296296296297 0.8166666666666667 0.5296296296296297 0.8208333333333333 0.5287037037037037 0.8215277777777777 0.5287037037037037 0.825 0.5277777777777778 0.8256944444444444 0.5277777777777778 0.83125 0.5268518518518519 0.8319444444444445 0.5268518518518519 0.8347222222222223 0.5259259259259259 0.8354166666666667 0.5259259259259259 0.8375 0.525 0.8381944444444445 0.525 0.8451388888888889 0.524074074074074 0.8458333333333333 0.524074074074074 0.85625 0.5231481481481481 0.8569444444444444 0.5231481481481481 0.8645833333333334 0.5222222222222223 0.8652777777777778 0.5222222222222223 0.8694444444444445 0.5212962962962963 0.8701388888888889 0.5212962962962963 0.8722222222222222 0.5203703703703704 0.8729166666666667 0.5203703703703704 0.8743055555555556 0.5194444444444445 0.875 0.5194444444444445 0.8756944444444444 0.5185185185185185 0.8763888888888889 0.5185185185185185 0.8791666666666667 0.5175925925925926 0.8798611111111111 0.5175925925925926 0.8819444444444444 0.5166666666666667 0.8826388888888889 0.5166666666666667 0.8881944444444444 0.5157407407407407 0.8888888888888888 0.5157407407407407 0.8944444444444445 0.5148148148148148 0.8951388888888889 0.5148148148148148 0.8986111111111111 0.5138888888888888 0.8993055555555556 0.5138888888888888 0.9020833333333333 0.512962962962963 0.9027777777777778 0.512962962962963 0.90625 0.5120370370370371 0.9069444444444444 0.5120370370370371 0.9104166666666667 0.5111111111111111 0.9111111111111111 0.5111111111111111 0.9166666666666666 0.5101851851851852 0.9173611111111111 0.5101851851851852 0.9215277777777777 0.5092592592592593 0.9222222222222223 0.5092592592592593 0.9284722222222223 0.5083333333333333 0.9291666666666667 0.5083333333333333 0.9361111111111111 0.5074074074074074 0.9368055555555556 0.5074074074074074 0.9472222222222222 0.5064814814814815 0.9479166666666666 0.5064814814814815 0.9520833333333333 0.5055555555555555 0.9527777777777777 0.5055555555555555 0.9569444444444445 0.5046296296296297 0.9576388888888889 0.5046296296296297 0.9625 0.5037037037037037 0.9631944444444445 0.5037037037037037 0.9638888888888889 0.5027777777777778 0.9645833333333333 0.5027777777777778 0.9673611111111111 0.5018518518518519 0.9680555555555556 0.5018518518518519 0.9763888888888889 0.5009259259259259 0.9770833333333333 0.5009259259259259 0.9805555555555555 0.5 0.98125 0.5 0.9875 0.49907407407407406 0.9881944444444445 0.49907407407407406 0.9958333333333333 0.4981481481481482 0.9965277777777778 0.4981481481481482 0.9993055555555556 0.5888888888888889 0.9993055555555556 0.5888888888888889 0.9923611111111111 0.5898148148148148 0.9916666666666667 0.5898148148148148 0.9875 0.5907407407407408 0.9868055555555556 0.5907407407407408 0.9777777777777777 0.5916666666666667 0.9770833333333333 0.5916666666666667 0.9729166666666667 0.5925925925925926 0.9722222222222222 0.5925925925925926 0.9611111111111111 0.5935185185185186 0.9604166666666667 0.5935185185185186 0.9534722222222223 0.5944444444444444 0.9527777777777777 0.5944444444444444 0.9458333333333333 0.5953703703703703 0.9451388888888889 0.5953703703703703 0.9381944444444444 0.5962962962962963 0.9375 0.5962962962962963 0.9284722222222223 0.5972222222222222 0.9277777777777778 0.5972222222222222 0.9208333333333333 0.5981481481481481 0.9201388888888888 0.5981481481481481 0.9104166666666667 0.5990740740740741 0.9097222222222222 0.5990740740740741 0.9048611111111111 0.6 0.9041666666666667 0.6 0.8916666666666667 0.600925925925926 0.8909722222222223 0.600925925925926 0.8826388888888889 0.6018518518518519 0.8819444444444444 0.6018518518518519 0.8736111111111111 0.6027777777777777 0.8729166666666667 0.6027777777777777 0.8708333333333333 0.6018518518518519 0.8701388888888889 0.6018518518518519 0.8694444444444445 0.6027777777777777 0.86875 0.6027777777777777 0.8597222222222223 0.6037037037037037 0.8590277777777777 0.6037037037037037 0.8527777777777777 0.6046296296296296 0.8520833333333333 0.6046296296296296 0.8493055555555555 0.6055555555555555 0.8486111111111111 0.6055555555555555 0.8451388888888889 0.6064814814814815 0.8444444444444444 0.6064814814814815 0.8402777777777778 0.6074074074074074 0.8395833333333333 0.6074074074074074 0.8298611111111112 0.6083333333333333 0.8291666666666667 0.6083333333333333 0.8208333333333333 0.6092592592592593 0.8201388888888889 0.6092592592592593 0.8125 0.6101851851851852 0.8118055555555556 0.6101851851851852 0.8055555555555556 0.6111111111111112 0.8048611111111111 0.6111111111111112 0.7972222222222223 0.612037037037037 0.7965277777777777 0.612037037037037 0.7895833333333333 0.6129629629629629 0.7888888888888889 0.6129629629629629 0.7833333333333333 0.6138888888888889 0.7826388888888889 0.6138888888888889 0.7798611111111111 0.6148148148148148 0.7791666666666667 0.6148148148148148 0.7708333333333334 0.6157407407407407 0.7701388888888889 0.6157407407407407 0.7597222222222222 0.6166666666666667 0.7590277777777777 0.6166666666666667 0.7465277777777778 0.6175925925925926 0.7458333333333333 0.6175925925925926 0.7388888888888889 0.6185185185185185 0.7381944444444445 0.6185185185185185 0.7291666666666666 0.6194444444444445 0.7284722222222222 0.6194444444444445 0.7236111111111111 0.6203703703703703 0.7229166666666667 0.6203703703703703 0.7166666666666667 0.6212962962962963 0.7159722222222222 0.6212962962962963 0.7111111111111111 0.6222222222222222 0.7104166666666667 0.6222222222222222 0.7034722222222223 0.6231481481481481 0.7027777777777777 0.6231481481481481 0.6930555555555555 0.6240740740740741 0.6923611111111111 0.6240740740740741 0.6798611111111111 0.625 0.6791666666666667 0.625 0.6729166666666667 0.6259259259259259 0.6722222222222223 0.6259259259259259 0.6652777777777777 0.6268518518518519 0.6645833333333333 0.6268518518518519 0.6576388888888889 0.6277777777777778 0.6569444444444444 0.6277777777777778 0.65 0.6287037037037037 0.6493055555555556 0.6287037037037037 0.64375 0.6296296296296297 0.6430555555555556 0.6296296296296297 0.6395833333333333 0.6305555555555555 0.6388888888888888 0.6305555555555555 0.63125 0.6314814814814815 0.6305555555555555 0.6314814814814815 0.6208333333333333 0.6324074074074074 0.6201388888888889 0.6324074074074074 0.6097222222222223 0.6333333333333333 0.6090277777777777 0.6333333333333333 0.6013888888888889 0.6342592592592593 0.6006944444444444 0.6342592592592593 0.5944444444444444 0.6351851851851852 0.59375 0.6351851851851852 0.5868055555555556 0.6361111111111111 0.5861111111111111 0.6361111111111111 0.5819444444444445 0.6370370370370371 0.58125 0.6370370370370371 0.5756944444444444 0.637962962962963 0.575 0.637962962962963 0.5680555555555555 0.6388888888888888 0.5673611111111111 0.6388888888888888 0.5569444444444445 0.6398148148148148 0.55625 0.6398148148148148 0.5472222222222223 0.6407407407407407 0.5465277777777777 0.6407407407407407 0.5402777777777777 0.6416666666666667 0.5395833333333333 0.6416666666666667 0.5333333333333333 0.6425925925925926 0.5326388888888889 0.6425925925925926 0.5256944444444445 0.6435185185185185 0.525 0.6435185185185185 0.5180555555555556 0.6444444444444445 0.5173611111111112 0.6444444444444445 0.5131944444444444 0.6453703703703704 0.5125 0.6453703703703704 0.50625 0.6462962962962963 0.5055555555555555 0.6462962962962963 0.49444444444444446 0.6472222222222223 0.49375 0.6472222222222223 0.4840277777777778 0.6481481481481481 0.48333333333333334 0.6481481481481481 0.4736111111111111 0.649074074074074 0.47291666666666665 0.649074074074074 0.4652777777777778 0.65 0.46458333333333335 0.65 0.45902777777777776 0.6509259259259259 0.4583333333333333 0.6509259259259259 0.45 0.6518518518518519 0.44930555555555557 0.6518518518518519 0.4444444444444444 0.6527777777777778 0.44375 0.6527777777777778 0.4395833333333333 0.6537037037037037 0.4388888888888889 0.6537037037037037 0.43333333333333335 0.6527777777777778 0.4326388888888889 0.6527777777777778 0.43194444444444446 0.6537037037037037 0.43125 0.6537037037037037 0.4284722222222222 0.6546296296296297 0.42777777777777776 0.6546296296296297 0.4201388888888889 0.6555555555555556 0.41944444444444445 0.6555555555555556 0.4152777777777778 0.6564814814814814 0.41458333333333336 0.6564814814814814 0.4131944444444444 0.6574074074074074 0.4125 0.6574074074074074 0.4041666666666667 0.6564814814814814 0.40347222222222223 0.6564814814814814 0.3972222222222222 0.6574074074074074 0.39652777777777776 0.6574074074074074 0.3909722222222222 0.6583333333333333 0.3902777777777778 0.6583333333333333 0.3840277777777778 0.6592592592592592 0.38333333333333336 0.6592592592592592 0.375 0.6601851851851852 0.37430555555555556 0.6601851851851852 0.3680555555555556 0.6611111111111111 0.36736111111111114 0.6611111111111111 0.36041666666666666 0.6620370370370371 0.3597222222222222 0.6620370370370371 0.3548611111111111 0.662962962962963 0.3541666666666667 0.662962962962963 0.34444444444444444 0.6638888888888889 0.34375 0.6638888888888889 0.3375 0.6648148148148149 0.3368055555555556 0.6648148148148149 0.33125 0.6657407407407407 0.33055555555555555 0.6657407407407407 0.32430555555555557 0.6666666666666666 0.3236111111111111 0.6666666666666666 0.3194444444444444 0.6675925925925926 0.31875 0.6675925925925926 0.3159722222222222 0.6685185185185185 0.31527777777777777 0.6685185185185185 0.3111111111111111 0.6694444444444444 0.3104166666666667 0.6694444444444444 0.30277777777777776 0.6685185185185185 0.3020833333333333 0.6685185185185185 0.2972222222222222 0.6694444444444444 0.2965277777777778 0.6694444444444444 0.28958333333333336 0.6703703703703704 0.28888888888888886 0.6703703703703704 0.28125 0.6712962962962963 0.28055555555555556 0.6712962962962963 0.2722222222222222 0.6722222222222223 0.27152777777777776 0.6722222222222223 0.25763888888888886 0.6731481481481482 0.2569444444444444 0.6731481481481482 0.24861111111111112 0.6722222222222223 0.24791666666666667 0.6722222222222223 0.24722222222222223 0.6731481481481482 0.2465277777777778 0.6731481481481482 0.2423611111111111 0.674074074074074 0.24166666666666667 0.674074074074074 0.2375 0.675 0.23680555555555555 0.675 0.22777777777777777 0.6759259259259259 0.22708333333333333 0.6759259259259259 0.225 0.6768518518518518 0.22430555555555556 0.6768518518518518 0.22013888888888888 0.6777777777777778 0.21944444444444444 0.6777777777777778 0.2152777777777778 0.6787037037037037 0.21458333333333332 0.6787037037037037 0.20694444444444443 0.6796296296296296 0.20625 0.6796296296296296 0.19375 0.6805555555555556 0.19305555555555556 0.6805555555555556 0.1909722222222222 0.6814814814814815 0.19027777777777777 0.6814814814814815 0.18819444444444444 0.6824074074074075 0.1875 0.6824074074074075 0.18680555555555556 0.6833333333333333 0.18611111111111112 0.6833333333333333 0.16597222222222222 0.6824074074074075 0.16597222222222222 0.6805555555555556 0.16458333333333333 0.6805555555555556 0.16180555555555556 0.6777777777777778 0.1597222222222222 0.6777777777777778 0.15833333333333333 0.6768518518518518 0.15763888888888888 0.6759259259259259 0.15833333333333333 0.675 0.15833333333333333 0.674074074074074 0.15902777777777777 0.6731481481481482 0.15833333333333333 0.6722222222222223 0.15833333333333333 0.6712962962962963 0.15763888888888888 0.6712962962962963 0.15694444444444444 0.6694444444444444 0.15555555555555556 0.6685185185185185 0.15625 0.6675925925925926 0.15625 0.6666666666666666 0.15694444444444444 0.6657407407407407 0.15694444444444444 0.6638888888888889 0.15833333333333333 0.662962962962963 0.15833333333333333 0.6611111111111111 0.1597222222222222 0.6611111111111111 0.16041666666666668 0.6601851851851852 0.16111111111111112 0.6592592592592592 0.16111111111111112 0.6583333333333333 0.16180555555555556 0.6583333333333333 0.1625 0.6574074074074074 0.16319444444444445 0.6574074074074074 0.1638888888888889 0.6564814814814814 0.16458333333333333 0.6564814814814814 0.16527777777777777 0.6555555555555556 0.16597222222222222 0.6555555555555556 0.16666666666666666 0.6546296296296297 0.1673611111111111 0.6546296296296297 0.16805555555555557 0.6537037037037037 0.16875 0.6537037037037037 0.16944444444444445 0.6527777777777778 0.1701388888888889 0.6527777777777778 0.17083333333333334 0.6518518518518519 0.17152777777777778 0.6518518518518519 0.17430555555555555 0.6509259259259259 0.175 0.6509259259259259 0.17708333333333334 0.65 0.17777777777777778 0.65 0.17916666666666667 0.649074074074074 0.1798611111111111 0.649074074074074 0.18055555555555555 0.6481481481481481 0.18125 0.6481481481481481 0.18263888888888888 0.6462962962962963 0.1840277777777778 0.6453703703703704 0.1840277777777778 0.6425925925925926 0.18194444444444444 0.6416666666666667 0.18194444444444444 0.6407407407407407 0.18125 0.6398148148148148 0.18125 0.6388888888888888 0.18055555555555555 0.6370370370370371 0.18055555555555555 0.6361111111111111 0.1798611111111111 0.6342592592592593 0.1798611111111111 0.6296296296296297 0.1763888888888889 0.6287037037037037 0.1763888888888889 0.6277777777777778 0.17569444444444443 0.6277777777777778 0.175 0.6268518518518519 0.17430555555555555 0.6259259259259259 0.17430555555555555 0.6231481481481481 0.17222222222222222 0.6222222222222222 0.17222222222222222 0.6212962962962963 0.17152777777777778 0.6203703703703703 0.17152777777777778 0.612037037037037 0.16527777777777777 0.612037037037037 0.1638888888888889 0.6111111111111112 0.16319444444444445 0.6111111111111112 0.16180555555555556 0.6101851851851852 0.16111111111111112 0.6111111111111112 0.16041666666666668 0.6111111111111112 0.15763888888888888 0.6101851851851852 0.15763888888888888 0.6101851851851852 0.15902777777777777 0.6083333333333333 0.16041666666666668 0.6037037037037037 0.16041666666666668 0.6018518518518519 0.15902777777777777 0.600925925925926 0.15902777777777777 0.6 0.15833333333333333 0.5990740740740741 0.15833333333333333 0.5981481481481481 0.15763888888888888 0.5953703703703703 0.15763888888888888 0.5944444444444444 0.15694444444444444 0.5925925925925926 0.15694444444444444 0.5916666666666667 0.15625 0.5898148148148148 0.15625 0.5814814814814815 0.15 0.5805555555555556 0.15 0.5796296296296296 0.14930555555555555 0.5787037037037037 0.14930555555555555 0.5777777777777777 0.1486111111111111 0.575925925925926 0.1486111111111111 0.5675925925925925 0.1423611111111111 0.5666666666666667 0.1423611111111111 0.5657407407407408 0.14166666666666666 0.5648148148148148 0.14166666666666666 0.5638888888888889 0.14097222222222222 0.562037037037037 0.14097222222222222 0.5601851851851852 0.13958333333333334 0.5592592592592592 0.13958333333333334 0.5583333333333333 0.1388888888888889 0.5574074074074075 0.1388888888888889 0.5555555555555556 0.1375 0.5546296296296296 0.1375 0.5527777777777778 0.1361111111111111 0.5527777777777778 0.13541666666666666 0.5518518518518518 0.13472222222222222 0.5509259259259259 0.13472222222222222 0.55 0.13402777777777777 0.549074074074074 0.13402777777777777 0.5481481481481482 0.13333333333333333 0.5472222222222223 0.13333333333333333 0.5462962962962963 0.1326388888888889 0.5453703703703704 0.1326388888888889 0.537962962962963 0.12708333333333333 0.537962962962963 0.12638888888888888 0.5370370370370371 0.12569444444444444 0.5370370370370371 0.125 0.5361111111111111 0.12430555555555556 0.5361111111111111 0.12361111111111112 0.5333333333333333 0.12361111111111112 0.5314814814814814 0.12222222222222222 0.5342592592592592 0.12013888888888889 0.5342592592592592 0.11597222222222223 0.5314814814814814 0.11388888888888889 0.5314814814814814 0.11180555555555556 0.5305555555555556 0.11180555555555556 0.5296296296296297 0.1111111111111111 0.5287037037037037 0.1111111111111111 0.5222222222222223 0.11597222222222223 0.5166666666666667 0.11597222222222223 0.5157407407407407 0.11527777777777778 0.5148148148148148 0.11527777777777778 0.5092592592592593 0.1111111111111111 0.5083333333333333 0.1111111111111111 0.5064814814814815 0.10972222222222222 0.5055555555555555 0.10972222222222222 0.5046296296296297 0.10902777777777778 0.5037037037037037 0.10902777777777778 0.5027777777777778 0.10833333333333334 0.5018518518518519 0.10833333333333334 0.5009259259259259 0.1076388888888889 0.5 0.1076388888888889 0.4981481481481482 0.10625 0.49722222222222223 0.10625 0.4962962962962963 0.10555555555555556 0.49537037037037035 0.10555555555555556 0.49166666666666664 0.10277777777777777 0.49074074074074076 0.10277777777777777 0.4898148148148148 0.10208333333333333 0.4888888888888889 0.10208333333333333 0.487962962962963 0.10138888888888889 0.48703703703703705 0.10138888888888889 0.48333333333333334 0.09861111111111111 0.48333333333333334 0.09791666666666667 0.4824074074074074 0.09722222222222222 0.4824074074074074 0.09652777777777778 0.48148148148148145 0.09583333333333334 0.48055555555555557 0.09583333333333334 0.47962962962962963 0.09513888888888888 0.4777777777777778 0.09513888888888888 0.47685185185185186 0.09444444444444444 0.475 0.09444444444444444 0.47314814814814815 0.09305555555555556 0.4722222222222222 0.09305555555555556 0.46944444444444444 0.09097222222222222 0.46944444444444444 0.09027777777777778 0.4685185185185185 0.08958333333333333 0.4685185185185185 0.08888888888888889 0.4675925925925926 0.08819444444444445 0.4675925925925926 0.0875 0.4666666666666667 0.08680555555555555 0.4666666666666667 0.08611111111111111 0.46574074074074073 0.08541666666666667 0.46111111111111114 0.08541666666666667 0.4601851851851852 0.08472222222222223 0.4583333333333333 0.08472222222222223 0.45740740740740743 0.08402777777777778 0.45740740740740743 0.08333333333333333 0.4564814814814815 0.08263888888888889 0.4564814814814815 0.07847222222222222 0.45555555555555555 0.07777777777777778 0.45555555555555555 0.075 0.4564814814814815 0.07430555555555556 0.4564814814814815 0.06944444444444445 0.45555555555555555 0.06875 0.45555555555555555 0.06736111111111111 0.4537037037037037 0.06597222222222222 0.4537037037037037 0.06527777777777778 0.4527777777777778 0.06458333333333334
