6 0.5250898148148148 0.3616423611111111 0.49916388888888885 0.39428124999999997 0.5537935185185185 0.41511458333333334 0.6162935185185185 0.43733680555555554 0.6324981481481481 0.3946284722222222 0.5250898148148148 0.3616423611111111
0 0.5009259259259259 0.3416666666666666 0.5370370370370371 0.3416666666666666 0.5370370370370371 0.3597222222222222 0.5009259259259259 0.3597222222222222
0 0.5481481481481482 0.3298611111111111 0.5712962962962963 0.3298611111111111 0.5712962962962963 0.3465277777777778 0.5481481481481482 0.3465277777777778
0 0.6509259259259259 0.28611111111111115 0.675 0.28611111111111115 0.675 0.3 0.6509259259259259 0.3
0 0.6833333333333333 0.26805555555555555 0.711111111111111 0.26805555555555555 0.711111111111111 0.29375 0.6833333333333333 0.29375
0 0.512962962962963 0.2652777777777778 0.5583333333333332 0.2652777777777778 0.5583333333333332 0.2854166666666667 0.512962962962963 0.2854166666666667
0 0.4925925925925926 0.20347222222222222 0.5157407407407407 0.20347222222222222 0.5157407407407407 0.23055555555555557 0.4925925925925926 0.23055555555555557
0 0.48796296296296293 0.2326388888888889 0.5074074074074074 0.2326388888888889 0.5074074074074074 0.24861111111111112 0.48796296296296293 0.24861111111111112
0 0.6046296296296296 0.1909722222222222 0.6342592592592593 0.1909722222222222 0.6342592592592593 0.21805555555555556 0.6046296296296296 0.21805555555555556
0 0.6092592592592593 0.20833333333333334 0.6435185185185185 0.20833333333333334 0.6435185185185185 0.22361111111111112 0.6092592592592593 0.22361111111111112
0 0.5787037037037037 0.20347222222222222 0.5981481481481481 0.20347222222222222 0.5981481481481481 0.22152777777777777 0.5787037037037037 0.22152777777777777
3 0.5704601851851852 0.2038875 0.6158305555555555 0.20597083333333335 0.6149046296296297 0.24347083333333333 0.5686083333333333 0.24555416666666668 0.5704601851851852 0.2038875
2 0.48712685185185184 0.19208194444444446 0.7417574074074074 0.2712486111111111 0.6862018518518518 0.3219430555555556 0.4574962962962963 0.25597083333333337 0.48712685185185184 0.19208194444444446
2 0.68435 0.21985972222222222 0.535275 0.3788875 0.4630518518518519 0.3531930555555556 0.6149046296296297 0.19416527777777778 0.68435 0.21985972222222222
8 0.5329953703703704 0.4043145833333333 0.5798500000000001 0.41602777777777783 0.4259 0.9950104166666667 0.3611962962962963 0.98664375 0.5329953703703704 0.4043145833333333