0 0.33425925925925926 0.1625 0.3490740740740741 0.1625 0.3490740740740741 0.17708333333333334 0.33425925925925926 0.17708333333333334
0 0.35185185185185186 0.15763888888888888 0.3833333333333333 0.15763888888888888 0.3833333333333333 0.17569444444444443 0.35185185185185186 0.17569444444444443
0 0.37222222222222223 0.1277777777777778 0.4083333333333333 0.1277777777777778 0.4083333333333333 0.14583333333333334 0.37222222222222223 0.14583333333333334
0 0.45 0.10208333333333335 0.487962962962963 0.10208333333333335 0.487962962962963 0.12083333333333333 0.45 0.12083333333333333
0 0.462037037037037 0.18888888888888888 0.49722222222222223 0.18888888888888888 0.49722222222222223 0.20555555555555555 0.462037037037037 0.20555555555555555
0 0.5203703703703704 0.2520833333333334 0.5472222222222223 0.2520833333333334 0.5472222222222223 0.2659722222222222 0.5203703703703704 0.2659722222222222
0 0.33055555555555555 0.20902777777777778 0.3592592592592592 0.20902777777777778 0.3592592592592592 0.22361111111111112 0.33055555555555555 0.22361111111111112
0 0.4814814814814815 0.24513888888888888 0.5 0.24513888888888888 0.5 0.26041666666666663 0.4814814814814815 0.26041666666666663
0 0.3768518518518518 0.2361111111111111 0.39444444444444443 0.2361111111111111 0.39444444444444443 0.25 0.3768518518518518 0.25
2 0.47161574074074075 0.09254305555555556 0.3290222222222222 0.21893194444444444 0.3827259259259259 0.24879305555555556 0.5271712962962963 0.1279597222222222 0.47161574074074075 0.09254305555555556
2 0.35217037037037036 0.1446263888888889 0.5614314814814815 0.25990416666666666 0.5225416666666667 0.2883763888888889 0.3114296296296296 0.17865416666666667 0.35217037037037036 0.1446263888888889
2 0.34846666666666665 0.1946263888888889 0.5373574074074075 0.29115416666666666 0.518837962962963 0.3161541666666667 0.33457777777777775 0.21893194444444444 0.34846666666666665 0.1946263888888889
3 0.4049490740740741 0.12657083333333333 0.40772685185185187 0.16545972222222222 0.4503194444444445 0.16893194444444445 0.4512453703703704 0.13907083333333334 0.4049490740740741 0.12657083333333333
0 0.41018518518518515 0.1326388888888889 0.42777777777777776 0.1326388888888889 0.42777777777777776 0.14444444444444446 0.41018518518518515 0.14444444444444446
6 0.4000101851851852 0.35041319444444446 0.4680666666666667 0.29277430555555556 0.4898259259259259 0.31534375000000003 0.40602870370370375 0.3719409722222222 0.3944546296296296 0.35319097222222223 0.4000101851851852 0.35041319444444446