6 0.46059629629629634 0.33394375000000004 0.41383611111111107 0.3693604166666667 0.41429907407407407 0.38463819444444447 0.49624444444444443 0.3467909722222222 0.4925407407407407 0.33186041666666666 0.46059629629629634 0.33394375000000004
6 0.4619851851851852 0.32317986111111113 0.5346703703703704 0.33706875000000003 0.5328185185185185 0.3519993055555556 0.4643 0.33602708333333337 0.43744814814814814 0.3509576388888889 0.44161481481481485 0.33151319444444444 0.4619851851851852 0.32317986111111113
6 0.4490222222222222 0.31102708333333334 0.5198555555555555 0.29956875 0.5189296296296296 0.3238743055555556 0.4355962962962963 0.3325548611111111 0.4383740740740741 0.31276319444444445 0.4490222222222222 0.31102708333333334
0 0.5166666666666666 0.2965277777777778 0.5435185185185185 0.2965277777777778 0.5435185185185185 0.31597222222222227 0.5166666666666666 0.31597222222222227
0 0.5398148148148149 0.25902777777777775 0.5601851851851852 0.25902777777777775 0.5601851851851852 0.2791666666666667 0.5398148148148149 0.2791666666666667
0 0.5731481481481482 0.26249999999999996 0.6037037037037036 0.26249999999999996 0.6037037037037036 0.2833333333333333 0.5731481481481482 0.2833333333333333
0 0.5055555555555555 0.20833333333333331 0.5296296296296297 0.20833333333333331 0.5296296296296297 0.23402777777777778 0.5055555555555555 0.23402777777777778
0 0.4222222222222222 0.26944444444444443 0.4490740740740741 0.26944444444444443 0.4490740740740741 0.2902777777777778 0.4222222222222222 0.2902777777777778
0 0.3259259259259259 0.22361111111111112 0.3527777777777778 0.22361111111111112 0.3527777777777778 0.24583333333333332 0.3259259259259259 0.24583333333333332
0 0.3787037037037037 0.1875 0.40092592592592596 0.1875 0.40092592592592596 0.20555555555555555 0.3787037037037037 0.20555555555555555
0 0.4787037037037037 0.1277777777777778 0.4953703703703704 0.1277777777777778 0.4953703703703704 0.1486111111111111 0.4787037037037037 0.1486111111111111
0 0.36666666666666664 0.18958333333333335 0.38425925925925924 0.18958333333333335 0.38425925925925924 0.2125 0.36666666666666664 0.2125
3 0.46970092592592594 0.12838819444444444 0.4622935185185185 0.18672152777777778 0.5079731481481481 0.19042569444444446 0.5116768518518519 0.12977708333333332 0.46970092592592594 0.12838819444444444
2 0.382662962962963 0.177925 0.5092074074074073 0.21473055555555554 0.6320481481481481 0.26310972222222223 0.5659981481481482 0.33162916666666664 0.4332814814814815 0.2883423611111111 0.30673703703703703 0.24320347222222224 0.382662962962963 0.177925