8 0.4795777777777777 0.2085909722222222 0.11366759259259258 0.9465430555555555 0.053425925925925925 0.9097291666666667 0.4394166666666667 0.19855069444444445 0.4795777777777777 0.2085909722222222
0 0.38611111111111107 0.05763888888888889 0.412962962962963 0.05763888888888889 0.412962962962963 0.08055555555555556 0.38611111111111107 0.08055555555555556
0 0.55 0.22708333333333336 0.5694444444444444 0.22708333333333336 0.5694444444444444 0.25 0.55 0.25
0 0.5694444444444444 0.20763888888888887 0.5981481481481481 0.20763888888888887 0.5981481481481481 0.23402777777777778 0.5694444444444444 0.23402777777777778
0 0.3314814814814815 0.10833333333333334 0.36944444444444446 0.10833333333333334 0.36944444444444446 0.13333333333333333 0.3314814814814815 0.13333333333333333
0 0.4416666666666667 0.1277777777777778 0.4759259259259259 0.1277777777777778 0.4759259259259259 0.14722222222222223 0.4416666666666667 0.14722222222222223
0 0.4268518518518518 0.04722222222222222 0.462037037037037 0.04722222222222222 0.462037037037037 0.0798611111111111 0.4268518518518518 0.0798611111111111
0 0.4833333333333333 0.06180555555555556 0.5101851851851852 0.06180555555555556 0.5101851851851852 0.08541666666666667 0.4833333333333333 0.08541666666666667
0 0.5157407407407407 0.050694444444444445 0.5490740740740742 0.050694444444444445 0.5490740740740742 0.07986111111111112 0.5157407407407407 0.07986111111111112
3 0.47482777777777774 0.06392430555555556 0.4698888888888889 0.12318402777777777 0.5328527777777777 0.12133194444444444 0.5451981481481482 0.06485069444444445 0.47482777777777774 0.06392430555555556
2 0.439025 0.023184027777777776 0.31556666666666666 0.09910972222222221 0.5402601851851851 0.2917020833333333 0.6414953703703704 0.23892430555555555 0.439025 0.023184027777777776