7 0.5741796296296297 0.20034652777777778 0.6204759259259259 0.1878465277777778 0.6343657407407407 0.24965208333333336 0.5973277777777778 0.30451319444444447 0.5714018518518519 0.29201319444444446 0.5741796296296297 0.20034652777777778
0 0.6657407407407407 0.08819444444444444 0.6861111111111111 0.08819444444444444 0.6861111111111111 0.1076388888888889 0.6657407407407407 0.1076388888888889
0 0.6898148148148148 0.11458333333333333 0.7101851851851851 0.11458333333333333 0.7101851851851851 0.13541666666666666 0.6898148148148148 0.13541666666666666
0 0.7314814814814814 0.09861111111111112 0.7555555555555555 0.09861111111111112 0.7555555555555555 0.11736111111111111 0.7314814814814814 0.11736111111111111
0 0.7388888888888888 0.1423611111111111 0.7546296296296297 0.1423611111111111 0.7546296296296297 0.15902777777777777 0.7388888888888888 0.15902777777777777
0 0.7842592592592593 0.12083333333333335 0.8064814814814815 0.12083333333333335 0.8064814814814815 0.1388888888888889 0.7842592592592593 0.1388888888888889
0 0.8324074074074074 0.09722222222222221 0.850925925925926 0.09722222222222221 0.850925925925926 0.11666666666666667 0.8324074074074074 0.11666666666666667
0 0.8898148148148147 0.07152777777777777 0.9111111111111111 0.07152777777777777 0.9111111111111111 0.09097222222222223 0.8898148148148147 0.09097222222222223
3 0.7312796296296297 0.09039305555555556 0.7028842592592592 0.14039305555555556 0.7312796296296297 0.1626152777777778 0.7707861111111111 0.10891180555555556 0.7312796296296297 0.09039305555555556
2 0.6843657407407407 0.07742986111111111 0.6448592592592592 0.11539305555555555 0.7263416666666667 0.1940965277777778 0.7732555555555556 0.15705972222222223 0.6843657407407407 0.07742986111111111
4 0.9436268518518518 0.04965208333333333 0.4917722222222223 0.2348375 0.41646203703703705 0.37835555555555556 0.8794287037037037 0.19317083333333332 0.9436268518518518 0.04965208333333333