0 0.312962962962963 0.3798611111111111 0.3388888888888889 0.3798611111111111 0.3388888888888889 0.4013888888888889 0.312962962962963 0.4013888888888889
0 0.36574074074074076 0.3583333333333333 0.39166666666666666 0.3583333333333333 0.39166666666666666 0.375 0.36574074074074076 0.375
0 0.5064814814814814 0.30624999999999997 0.5277777777777778 0.30624999999999997 0.5277777777777778 0.325 0.5064814814814814 0.325
0 0.5694444444444444 0.28402777777777777 0.5962962962962963 0.28402777777777777 0.5962962962962963 0.30138888888888893 0.5694444444444444 0.30138888888888893
0 0.6009259259259259 0.21944444444444444 0.6305555555555555 0.21944444444444444 0.6305555555555555 0.25277777777777777 0.6009259259259259 0.25277777777777777
0 0.4601851851851852 0.2604166666666667 0.4851851851851852 0.2604166666666667 0.4851851851851852 0.28958333333333336 0.4601851851851852 0.28958333333333336
0 0.45462962962962966 0.2 0.5064814814814815 0.2 0.5064814814814815 0.21875 0.45462962962962966 0.21875
0 0.36574074074074076 0.30277777777777776 0.3962962962962963 0.30277777777777776 0.3962962962962963 0.3263888888888889 0.36574074074074076 0.3263888888888889
2 0.2978962962962963 0.37817569444444443 0.5923425925925926 0.27053680555555554 0.6266018518518519 0.3170645833333333 0.33122962962962965 0.42192569444444444 0.2978962962962963 0.37817569444444443
2 0.635862037037037 0.2108145833333333 0.3367851851851852 0.3045645833333333 0.39789722222222224 0.36150902777777777 0.6710472222222222 0.2747034722222222 0.635862037037037 0.2108145833333333
2 0.4580824074074074 0.24553680555555554 0.6210462962962963 0.4413701388888889 0.5682685185185186 0.4767868055555555 0.39974907407407406 0.25178680555555555 0.4580824074074074 0.24553680555555554
2 0.40623055555555554 0.22400902777777776 0.5497500000000001 0.39275902777777777 0.57475 0.37331458333333334 0.47104537037037036 0.18512013888888887 0.40623055555555554 0.22400902777777776