7 0.36559444444444444 0.40359722222222216 0.4007796296296296 0.37790277777777775 0.5026324074074073 0.4397083333333333 0.5174472222222222 0.5084583333333333 0.4794833333333333 0.5174861111111111 0.36559444444444444 0.40359722222222216
0 0.37222222222222223 0.3145833333333333 0.3944444444444445 0.3145833333333333 0.3944444444444445 0.33958333333333335 0.37222222222222223 0.33958333333333335
0 0.42407407407407405 0.38263888888888886 0.44166666666666665 0.38263888888888886 0.44166666666666665 0.4 0.42407407407407405 0.4
0 0.4611111111111111 0.4076388888888889 0.4888888888888889 0.4076388888888889 0.4888888888888889 0.42361111111111116 0.4611111111111111 0.42361111111111116
0 0.575925925925926 0.4694444444444445 0.6055555555555556 0.4694444444444445 0.6055555555555556 0.4847222222222222 0.575925925925926 0.4847222222222222
0 0.3814814814814815 0.3347222222222222 0.40925925925925927 0.3347222222222222 0.40925925925925927 0.3576388888888889 0.3814814814814815 0.3576388888888889
0 0.5731481481481481 0.44861111111111107 0.6 0.44861111111111107 0.6 0.46944444444444444 0.5731481481481481 0.46944444444444444
0 0.5453703703703704 0.3423611111111111 0.5722222222222223 0.3423611111111111 0.5722222222222223 0.36111111111111116 0.5453703703703704 0.36111111111111116
0 0.6138888888888889 0.27638888888888885 0.6398148148148148 0.27638888888888885 0.6398148148148148 0.2972222222222222 0.6138888888888889 0.2972222222222222
0 0.44166666666666665 0.4083333333333333 0.4638888888888889 0.4083333333333333 0.4638888888888889 0.4277777777777778 0.44166666666666665 0.4277777777777778
2 0.3850388888888889 0.30845833333333333 0.347075 0.3556805555555555 0.5998546296296295 0.5077638888888889 0.6424481481481482 0.4667916666666666 0.3850388888888889 0.30845833333333333
2 0.4220759259259259 0.2855416666666667 0.3646685185185185 0.34734722222222225 0.6026324074074074 0.4980416666666666 0.6600407407407408 0.4397083333333333 0.4220759259259259 0.2855416666666667
2 0.5924472222222222 0.24179166666666668 0.6461518518518519 0.2834583333333333 0.4480018518518518 0.44526388888888885 0.39337222222222223 0.393875 0.5924472222222222 0.24179166666666668