6 0.45911296296296294 0.4142236111111111 0.5356564814814815 0.4114458333333333 0.5331879629629629 0.4392236111111111 0.46405092592592595 0.43459444444444445 0.45911296296296294 0.4142236111111111
8 0.5284972222222223 0.36376458333333334 0.5266453703703704 0.39223680555555557 0.5349787037037037 0.47001458333333335 0.5451638888888889 0.6214034722222223 0.5761268518518519 0.7165312500000001 0.6404314814814815 0.9396152777777778 0.6774685185185185 0.9368375 0.5932083333333333 0.6625319444444445 0.5422824074074074 0.37433750000000005 0.5284972222222223 0.36376458333333334
0 0.5712962962962963 0.3493055555555556 0.5898148148148149 0.3493055555555556 0.5898148148148149 0.3597222222222222 0.5712962962962963 0.3597222222222222
0 0.5296296296296296 0.36250000000000004 0.5453703703703704 0.36250000000000004 0.5453703703703704 0.37430555555555556 0.5296296296296296 0.37430555555555556
0 0.4981481481481481 0.2923611111111111 0.5185185185185185 0.2923611111111111 0.5185185185185185 0.3013888888888889 0.4981481481481481 0.3013888888888889
0 0.44351851851851853 0.30208333333333337 0.4574074074074074 0.30208333333333337 0.4574074074074074 0.3104166666666667 0.44351851851851853 0.3104166666666667
0 0.4787037037037037 0.2513888888888889 0.5064814814814814 0.2513888888888889 0.5064814814814814 0.26111111111111107 0.4787037037037037 0.26111111111111107
0 0.5314814814814814 0.24791666666666665 0.5518518518518518 0.24791666666666665 0.5518518518518518 0.25625 0.5314814814814814 0.25625
0 0.5481481481481482 0.2576388888888889 0.5694444444444445 0.2576388888888889 0.5694444444444445 0.26944444444444443 0.5481481481481482 0.26944444444444443
0 0.4842592592592593 0.2604166666666667 0.5 0.2604166666666667 0.5 0.26875 0.4842592592592593 0.26875
2 0.4655842592592593 0.28660625 0.43734351851851855 0.31195347222222225 0.5378074074074074 0.3817451388888889 0.5938259259259259 0.35987013888888886 0.5035481481481482 0.2845229166666667 0.4655842592592593 0.28660625
2 0.5692888888888888 0.2550090277777778 0.4253064814814815 0.30292569444444445 0.443825 0.32723125000000003 0.6063259259259259 0.2706340277777778 0.5692888888888888 0.2550090277777778
3 0.4979925925925926 0.23915208333333335 0.49737499999999996 0.2710965277777778 0.5325601851851851 0.28035625000000003 0.5282388888888889 0.24517083333333334 0.4979925925925926 0.23915208333333335