0 0.6962962962962963 0.27083333333333337 0.7120370370370371 0.27083333333333337 0.7120370370370371 0.28194444444444444 0.6962962962962963 0.28194444444444444
0 0.6972222222222222 0.3013888888888889 0.7092592592592593 0.3013888888888889 0.7092592592592593 0.3201388888888889 0.6972222222222222 0.3201388888888889
0 0.6509259259259259 0.19999999999999998 0.662962962962963 0.19999999999999998 0.662962962962963 0.2111111111111111 0.6509259259259259 0.2111111111111111
0 0.6305555555555555 0.2520833333333333 0.6509259259259259 0.2520833333333333 0.6509259259259259 0.2631944444444444 0.6305555555555555 0.2631944444444444
0 0.663888888888889 0.24999999999999997 0.6805555555555556 0.24999999999999997 0.6805555555555556 0.26111111111111107 0.663888888888889 0.26111111111111107
0 0.5833333333333334 0.225 0.6027777777777777 0.225 0.6027777777777777 0.24027777777777778 0.5833333333333334 0.24027777777777778
0 0.5574074074074074 0.24513888888888888 0.575 0.24513888888888888 0.575 0.2625 0.5574074074074074 0.2625
0 0.5203703703703704 0.31597222222222227 0.537037037037037 0.31597222222222227 0.537037037037037 0.3263888888888889 0.5203703703703704 0.3263888888888889
0 0.5407407407407407 0.30486111111111114 0.5537037037037038 0.30486111111111114 0.5537037037037038 0.3145833333333333 0.5407407407407407 0.3145833333333333
0 0.5777777777777777 0.3166666666666667 0.587037037037037 0.3166666666666667 0.587037037037037 0.3263888888888889 0.5777777777777777 0.3263888888888889
3 0.6405509259259259 0.1988736111111111 0.6251194444444444 0.24516944444444444 0.6541314814814815 0.2502625 0.6689462962962963 0.20535486111111112 0.6405509259259259 0.1988736111111111
2 0.5609212962962963 0.21831805555555556 0.538699074074074 0.24100277777777776 0.7127740740740741 0.31554027777777777 0.7312925925925926 0.27526249999999997 0.5609212962962963 0.21831805555555556
2 0.6677120370370371 0.24054027777777776 0.6998111111111112 0.2613736111111111 0.5732666666666667 0.3386881944444445 0.5658592592592593 0.32757708333333335 0.6677120370370371 0.24054027777777776
2 0.4936370370370371 0.3113736111111111 0.5164768518518518 0.2854472222222222 0.6664777777777778 0.3502625 0.6461064814814814 0.36924375 0.4936370370370371 0.3113736111111111