7 0.4085370370370371 0.37993333333333335 0.3270555555555556 0.42808125 0.3147092592592593 0.4706736111111111 0.3480435185185185 0.47530347222222225 0.42335185185185187 0.41419236111111113 0.4085370370370371 0.37993333333333335
0 0.41574074074074074 0.23402777777777778 0.437037037037037 0.23402777777777778 0.437037037037037 0.25555555555555554 0.41574074074074074 0.25555555555555554
0 0.49629629629629635 0.2048611111111111 0.5194444444444445 0.2048611111111111 0.5194444444444445 0.22847222222222224 0.49629629629629635 0.22847222222222224
0 0.5814814814814815 0.17569444444444446 0.6092592592592592 0.17569444444444446 0.6092592592592592 0.1986111111111111 0.5814814814814815 0.1986111111111111
0 0.6018518518518519 0.25 0.6185185185185185 0.25 0.6185185185185185 0.2715277777777778 0.6018518518518519 0.2715277777777778
0 0.525 0.27777777777777773 0.5416666666666666 0.27777777777777773 0.5416666666666666 0.3 0.525 0.3
0 0.5111111111111111 0.2756944444444444 0.5314814814814814 0.2756944444444444 0.5314814814814814 0.29375 0.5111111111111111 0.29375
0 0.45 0.29236111111111107 0.47314814814814815 0.29236111111111107 0.47314814814814815 0.3111111111111111 0.45 0.3111111111111111
0 0.44074074074074077 0.3027777777777778 0.462037037037037 0.3027777777777778 0.462037037037037 0.31805555555555554 0.44074074074074077 0.31805555555555554
0 0.4638888888888889 0.3388888888888889 0.48703703703703705 0.3388888888888889 0.48703703703703705 0.3534722222222222 0.4638888888888889 0.3534722222222222
0 0.5166666666666667 0.3208333333333333 0.5416666666666666 0.3208333333333333 0.5416666666666666 0.3375 0.5166666666666667 0.3375
0 0.5740740740740741 0.30069444444444443 0.6 0.30069444444444443 0.6 0.3201388888888889 0.5740740740740741 0.3201388888888889
0 0.5694444444444444 0.2569444444444444 0.5935185185185186 0.2569444444444444 0.5935185185185186 0.2743055555555556 0.5694444444444444 0.2743055555555556
0 0.6296296296296297 0.28402777777777777 0.6555555555555556 0.28402777777777777 0.6555555555555556 0.3041666666666667 0.6296296296296297 0.3041666666666667
9 0.6362611111111112 0.14074861111111112 0.2815064814814815 0.2746173611111111 0.24134537037037038 0.4503201388888889 0.7098888888888888 0.3482451388888889 0.6362611111111112 0.14074861111111112