0 0.42962962962962964 0.2895833333333333 0.4527777777777778 0.2895833333333333 0.4527777777777778 0.30694444444444446 0.42962962962962964 0.30694444444444446
0 0.5185185185185185 0.2694444444444445 0.5416666666666666 0.2694444444444445 0.5416666666666666 0.28541666666666665 0.5185185185185185 0.28541666666666665
0 0.611111111111111 0.2513888888888889 0.6351851851851852 0.2513888888888889 0.6351851851851852 0.2680555555555556 0.611111111111111 0.2680555555555556
0 0.6564814814814814 0.24444444444444444 0.6925925925925926 0.24444444444444444 0.6925925925925926 0.2625 0.6564814814814814 0.2625
0 0.649074074074074 0.2909722222222222 0.6722222222222222 0.2909722222222222 0.6722222222222222 0.3104166666666667 0.649074074074074 0.3104166666666667
0 0.5796296296296296 0.30972222222222223 0.6064814814814815 0.30972222222222223 0.6064814814814815 0.33125000000000004 0.5796296296296296 0.33125000000000004
0 0.5138888888888888 0.33055555555555555 0.5435185185185185 0.33055555555555555 0.5435185185185185 0.34861111111111115 0.5138888888888888 0.34861111111111115
0 0.45092592592592595 0.3458333333333333 0.47962962962962963 0.3458333333333333 0.47962962962962963 0.3666666666666667 0.45092592592592595 0.3666666666666667
0 0.38611111111111107 0.36319444444444443 0.412962962962963 0.36319444444444443 0.412962962962963 0.3805555555555556 0.38611111111111107 0.3805555555555556
0 0.40370370370370373 0.4083333333333333 0.42685185185185187 0.4083333333333333 0.42685185185185187 0.42500000000000004 0.40370370370370373 0.42500000000000004
0 0.4666666666666667 0.3902777777777778 0.4898148148148148 0.3902777777777778 0.4898148148148148 0.4083333333333334 0.4666666666666667 0.4083333333333334
0 0.5287037037037037 0.37569444444444444 0.5555555555555556 0.37569444444444444 0.5555555555555556 0.3944444444444445 0.5287037037037037 0.3944444444444445
0 0.5898148148148148 0.3569444444444444 0.6185185185185185 0.3569444444444444 0.6185185185185185 0.3763888888888889 0.5898148148148148 0.3763888888888889
0 0.6527777777777778 0.34027777777777773 0.6814814814814815 0.34027777777777773 0.6814814814814815 0.3590277777777778 0.6527777777777778 0.3590277777777778
0 0.27685185185185185 0.2618055555555555 0.3064814814814815 0.2618055555555555 0.3064814814814815 0.28402777777777777 0.27685185185185185 0.28402777777777777
9 0.3286824074074074 0.30069236111111114 0.27497777777777777 0.53958125 0.682387962962963 0.4951368055555555 0.7120185185185185 0.22430347222222224 0.3286824074074074 0.30069236111111114