0 0.32407407407407407 0.4284722222222222 0.3592592592592593 0.4284722222222222 0.3592592592592593 0.4479166666666667 0.32407407407407407 0.4479166666666667
0 0.37777777777777777 0.3708333333333333 0.3935185185185185 0.3708333333333333 0.3935185185185185 0.38958333333333334 0.37777777777777777 0.38958333333333334
0 0.35740740740740745 0.32916666666666666 0.3787037037037037 0.32916666666666666 0.3787037037037037 0.3513888888888889 0.35740740740740745 0.3513888888888889
0 0.5055555555555555 0.3277777777777778 0.5231481481481481 0.3277777777777778 0.5231481481481481 0.3444444444444445 0.5055555555555555 0.3444444444444445
0 0.5916666666666667 0.31666666666666665 0.6175925925925926 0.31666666666666665 0.6175925925925926 0.33263888888888893 0.5916666666666667 0.33263888888888893
0 0.6805555555555555 0.3041666666666667 0.7138888888888889 0.3041666666666667 0.7138888888888889 0.3194444444444444 0.6805555555555555 0.3194444444444444
0 0.7388888888888888 0.35624999999999996 0.762962962962963 0.35624999999999996 0.762962962962963 0.37222222222222223 0.7388888888888888 0.37222222222222223
0 0.6722222222222223 0.3625 0.6953703703703704 0.3625 0.6953703703703704 0.38125000000000003 0.6722222222222223 0.38125000000000003
0 0.6064814814814815 0.3729166666666666 0.6287037037037037 0.3729166666666666 0.6287037037037037 0.3902777777777778 0.6064814814814815 0.3902777777777778
0 0.5435185185185185 0.3798611111111111 0.5638888888888889 0.3798611111111111 0.5638888888888889 0.40069444444444446 0.5435185185185185 0.40069444444444446
2 0.32615 0.2916875 0.40115092592592594 0.2764097222222222 0.4715212962962963 0.4757152777777778 0.4039287037037037 0.4965486111111111 0.32615 0.2916875
7 0.5141148148148148 0.5007152777777778 0.42059537037037037 0.5465486111111111 0.4113361111111111 0.6125208333333333 0.44837314814814816 0.6208541666666666 0.5205962962962963 0.5389097222222222 0.5141148148148148 0.5007152777777778
9 0.3625703703703704 0.35164166666666663 0.7465231481481481 0.284975 0.8107212962962963 0.5451597222222222 0.3563972222222222 0.5720118055555555 0.3625703703703704 0.35164166666666663