6 0.4933333333333333 0.26991458333333335 0.5127777777777778 0.2504701388888889 0.5655555555555555 0.28866458333333334 0.5507407407407408 0.30533125 0.4933333333333333 0.26991458333333335
0 0.4888888888888889 0.18958333333333333 0.5092592592592593 0.18958333333333333 0.5092592592592593 0.20208333333333334 0.4888888888888889 0.20208333333333334
0 0.5203703703703704 0.1875 0.5342592592592592 0.1875 0.5342592592592592 0.2 0.5203703703703704 0.2
0 0.5277777777777778 0.16319444444444445 0.5481481481481482 0.16319444444444445 0.5481481481481482 0.1763888888888889 0.5277777777777778 0.1763888888888889
0 0.6314814814814815 0.17916666666666667 0.6546296296296297 0.17916666666666667 0.6546296296296297 0.19236111111111112 0.6314814814814815 0.19236111111111112
0 0.6092592592592593 0.16944444444444443 0.6231481481481481 0.16944444444444443 0.6231481481481481 0.1798611111111111 0.6092592592592593 0.1798611111111111
0 0.5314814814814814 0.10277777777777777 0.549074074074074 0.10277777777777777 0.549074074074074 0.11458333333333334 0.5314814814814814 0.11458333333333334
0 0.5157407407407407 0.10138888888888889 0.5296296296296296 0.10138888888888889 0.5296296296296296 0.11180555555555555 0.5157407407407407 0.11180555555555555
0 0.5805555555555555 0.08333333333333333 0.5962962962962963 0.08333333333333333 0.5962962962962963 0.09722222222222222 0.5805555555555555 0.09722222222222222
0 0.6138888888888889 0.11597222222222221 0.6305555555555555 0.11597222222222221 0.6305555555555555 0.1284722222222222 0.6138888888888889 0.1284722222222222
0 0.612037037037037 0.13194444444444445 0.6324074074074074 0.13194444444444445 0.6324074074074074 0.15 0.612037037037037 0.15
3 0.5797537037037037 0.08206736111111111 0.5677166666666666 0.1226923611111111 0.6001240740740741 0.1254701388888889 0.6084574074074074 0.08692847222222223 0.5797537037037037 0.08206736111111111
2 0.6380870370370371 0.1317201388888889 0.48901203703703705 0.2004701388888889 0.5186416666666667 0.22303958333333335 0.6589212962962963 0.1570673611111111 0.6380870370370371 0.1317201388888889
2 0.5283648148148148 0.09040069444444444 0.4973453703703704 0.11609513888888888 0.6204944444444445 0.2049840277777778 0.6630879629629629 0.18415069444444446 0.5283648148148148 0.09040069444444444