8 0.45346296296296296 0.19130138888888887 0.4707472222222222 0.16907916666666667 0.517661111111111 0.2125979166666667 0.5781555555555555 0.32972708333333334 0.670749074074074 0.4561159722222222 0.7522305555555555 0.6422270833333333 0.9326583333333333 0.8163888888888888 0.9663287037037037 0.8542680555555555 0.9242407407407407 0.8795201388888889 0.8176185185185185 0.7974493055555556 0.6464611111111112 0.5533416666666666 0.581925925925926 0.4102444444444444 0.5117796296296296 0.3092340277777778 0.45346296296296296 0.19130138888888887
8 0.4145712962962963 0.18344444444444447 0.4025342592592593 0.2591388888888889 0.37753425925925926 0.2987222222222222 0.34975648148148153 0.34802777777777777 0.33401574074074075 0.38275 0.26305370370370373 0.48321319444444444 0.2037935185185185 0.5665465277777778 0.12231203703703704 0.7165465277777778 0.026014814814814814 0.8609909722222222 0.018607407407407406 0.7832131944444445 0.14745185185185183 0.5907048611111111 0.3326388888888889 0.3066138888888889 0.36630833333333335 0.21612569444444446 0.4145712962962963 0.18344444444444447
6 0.40166296296296294 0.2075736111111111 0.44888518518518516 0.19924027777777778 0.4887 0.2652125 0.4831444444444445 0.28951805555555554 0.4377740740740741 0.2291013888888889 0.40536666666666665 0.22979583333333334 0.40166296296296294 0.2075736111111111
0 0.49722222222222223 0.0736111111111111 0.5314814814814814 0.0736111111111111 0.5314814814814814 0.09375 0.49722222222222223 0.09375
0 0.537962962962963 0.2326388888888889 0.5648148148148149 0.2326388888888889 0.5648148148148149 0.24791666666666667 0.537962962962963 0.24791666666666667
0 0.40185185185185185 0.10972222222222222 0.4222222222222222 0.10972222222222222 0.4222222222222222 0.12916666666666668 0.40185185185185185 0.12916666666666668
0 0.37777777777777777 0.02986111111111111 0.41666666666666663 0.02986111111111111 0.41666666666666663 0.05694444444444444 0.37777777777777777 0.05694444444444444
0 0.25555555555555554 0.06944444444444445 0.2925925925925926 0.06944444444444445 0.2925925925925926 0.1 0.25555555555555554 0.1
0 0.4361111111111111 0.03333333333333333 0.45925925925925926 0.03333333333333333 0.45925925925925926 0.05555555555555556 0.4361111111111111 0.05555555555555556
0 0.33055555555555555 0.03125 0.3638888888888889 0.03125 0.3638888888888889 0.05347222222222223 0.33055555555555555 0.05347222222222223
2 0.23036481481481483 0.08396250000000001 0.37666203703703705 0.0089625 0.587775 0.2728513888888889 0.476662962962963 0.3353513888888889 0.23036481481481483 0.08396250000000001
3 0.4211074074074074 0.024240277777777777 0.41555185185185184 0.10618472222222222 0.47851481481481484 0.11590694444444445 0.48777407407407414 0.025629166666666665 0.4211074074074074 0.024240277777777777