0 0.325 0.2 0.3527777777777778 0.2 0.3527777777777778 0.22152777777777777 0.325 0.22152777777777777
0 0.4046296296296296 0.13194444444444445 0.4351851851851852 0.13194444444444445 0.4351851851851852 0.15833333333333335 0.4046296296296296 0.15833333333333335
0 0.5425925925925926 0.11319444444444444 0.5722222222222223 0.11319444444444444 0.5722222222222223 0.1375 0.5425925925925926 0.1375
0 0.4564814814814815 0.13402777777777777 0.47777777777777775 0.13402777777777777 0.47777777777777775 0.15277777777777776 0.4564814814814815 0.15277777777777776
0 0.5305555555555556 0.18263888888888888 0.5546296296296297 0.18263888888888888 0.5546296296296297 0.19930555555555554 0.5305555555555556 0.19930555555555554
0 0.4842592592592593 0.20277777777777778 0.5055555555555555 0.20277777777777778 0.5055555555555555 0.21944444444444444 0.4842592592592593 0.21944444444444444
0 0.3685185185185185 0.20833333333333334 0.3888888888888889 0.20833333333333334 0.3888888888888889 0.22916666666666666 0.3685185185185185 0.22916666666666666
0 0.362037037037037 0.2506944444444445 0.39166666666666666 0.2506944444444445 0.39166666666666666 0.2652777777777778 0.362037037037037 0.2652777777777778
0 0.41388888888888886 0.23333333333333334 0.43148148148148147 0.23333333333333334 0.43148148148148147 0.24930555555555556 0.41388888888888886 0.24930555555555556
2 0.5953638888888889 0.1074673611111111 0.30832499999999996 0.22413402777777777 0.33795462962962963 0.2685784722222222 0.6231416666666667 0.1560784722222222 0.5953638888888889 0.1074673611111111
2 0.556475 0.16718958333333334 0.3157324074074074 0.27691180555555556 0.33795462962962963 0.32691180555555555 0.5861046296296297 0.21024513888888888 0.556475 0.16718958333333334
3 0.4379555555555556 0.13385624999999998 0.4379555555555556 0.18802291666666665 0.4842518518518518 0.18246736111111111 0.49351111111111107 0.13524513888888887 0.4379555555555556 0.13385624999999998
11 0.5194444444444444 0.6909722222222222 0.9037037037037037 0.6909722222222222 0.9037037037037037 0.9354166666666667 0.5194444444444444 0.9354166666666667