0 0.3435185185185185 0.2326388888888889 0.3796296296296296 0.2326388888888889 0.3796296296296296 0.2604166666666667 0.3435185185185185 0.2604166666666667
0 0.44722222222222224 0.14375 0.4888888888888889 0.14375 0.4888888888888889 0.16944444444444445 0.44722222222222224 0.16944444444444445
0 0.5361111111111111 0.1340277777777778 0.562037037037037 0.1340277777777778 0.562037037037037 0.15625 0.5361111111111111 0.15625
0 0.5916666666666667 0.1638888888888889 0.637962962962963 0.1638888888888889 0.637962962962963 0.18958333333333335 0.5916666666666667 0.18958333333333335
0 0.6527777777777778 0.13680555555555554 0.6953703703703703 0.13680555555555554 0.6953703703703703 0.16458333333333333 0.6527777777777778 0.16458333333333333
0 0.5731481481481482 0.059027777777777776 0.6138888888888889 0.059027777777777776 0.6138888888888889 0.08958333333333333 0.5731481481481482 0.08958333333333333
0 0.5657407407407408 0.23680555555555555 0.600925925925926 0.23680555555555555 0.600925925925926 0.2659722222222222 0.5657407407407408 0.2659722222222222
0 0.4287037037037037 0.2965277777777778 0.46018518518518514 0.2965277777777778 0.46018518518518514 0.3201388888888889 0.4287037037037037 0.3201388888888889
6 0.46498240740740737 0.24069652777777778 0.5020203703703704 0.21569652777777779 0.5872055555555555 0.2858354166666667 0.5807240740740741 0.31847430555555556 0.5260944444444444 0.2830576388888889 0.46498240740740737 0.24069652777777778
3 0.5260944444444444 0.12889097222222223 0.5168351851851852 0.17264097222222222 0.5723907407407408 0.19486319444444444 0.5788722222222222 0.14764097222222222 0.5260944444444444 0.12889097222222223
2 0.6344287037037037 0.05250208333333333 0.3140555555555556 0.2719465277777778 0.42701944444444445 0.34486319444444447 0.7131324074074074 0.13027986111111112 0.6344287037037037 0.05250208333333333