0 0.35185185185185186 0.26944444444444443 0.36944444444444446 0.26944444444444443 0.36944444444444446 0.28750000000000003 0.35185185185185186 0.28750000000000003
0 0.3648148148148148 0.2798611111111111 0.3833333333333333 0.2798611111111111 0.3833333333333333 0.2958333333333333 0.3648148148148148 0.2958333333333333
0 0.5777777777777778 0.23055555555555557 0.6 0.23055555555555557 0.6 0.2465277777777778 0.5777777777777778 0.2465277777777778
0 0.5768518518518518 0.2736111111111111 0.6083333333333333 0.2736111111111111 0.6083333333333333 0.2972222222222222 0.5768518518518518 0.2972222222222222
0 0.5481481481481482 0.2201388888888889 0.5759259259259258 0.2201388888888889 0.5759259259259258 0.24166666666666667 0.5481481481481482 0.24166666666666667
0 0.4722222222222222 0.19444444444444445 0.48703703703703705 0.19444444444444445 0.48703703703703705 0.2111111111111111 0.4722222222222222 0.2111111111111111
0 0.46296296296296297 0.20347222222222222 0.49166666666666664 0.20347222222222222 0.49166666666666664 0.22291666666666665 0.46296296296296297 0.22291666666666665
0 0.38981481481481484 0.3194444444444444 0.4175925925925926 0.3194444444444444 0.4175925925925926 0.3354166666666667 0.38981481481481484 0.3354166666666667
6 0.4241064814814815 0.32193541666666664 0.43892129629629634 0.2955465277777778 0.5185518518518518 0.3636020833333333 0.5102175925925926 0.3913798611111111 0.4241064814814815 0.32193541666666664
3 0.4500324074074074 0.18929652777777778 0.45281018518518523 0.24485208333333333 0.4944768518518518 0.24276875 0.48892129629629627 0.1913798611111111 0.4500324074074074 0.18929652777777778
2 0.3426240740740741 0.2788798611111111 0.6139222222222221 0.21568541666666666 0.6204037037037037 0.28096319444444445 0.3778101851851852 0.3386020833333333 0.3426240740740741 0.2788798611111111