7 0.4678175925925926 0.3891611111111111 0.5110277777777777 0.3299020833333334 0.5838675925925926 0.3141611111111111 0.5826333333333333 0.34656875000000004 0.491275 0.39101319444444443 0.4678175925925926 0.3891611111111111
0 0.587037037037037 0.22152777777777777 0.6027777777777779 0.22152777777777777 0.6027777777777779 0.23402777777777778 0.587037037037037 0.23402777777777778
0 0.5694444444444444 0.17638888888888887 0.5842592592592593 0.17638888888888887 0.5842592592592593 0.18888888888888888 0.5694444444444444 0.18888888888888888
0 0.599074074074074 0.24999999999999997 0.6148148148148148 0.24999999999999997 0.6148148148148148 0.26111111111111107 0.599074074074074 0.26111111111111107
0 0.6083333333333333 0.27361111111111114 0.6268518518518519 0.27361111111111114 0.6268518518518519 0.2861111111111111 0.6083333333333333 0.2861111111111111
0 0.649074074074074 0.2791666666666667 0.6666666666666666 0.2791666666666667 0.6666666666666666 0.2895833333333333 0.649074074074074 0.2895833333333333
0 0.7083333333333333 0.14166666666666666 0.7240740740740741 0.14166666666666666 0.7240740740740741 0.15694444444444444 0.7083333333333333 0.15694444444444444
0 0.7555555555555555 0.14097222222222222 0.7740740740740741 0.14097222222222222 0.7740740740740741 0.15555555555555556 0.7555555555555555 0.15555555555555556
0 0.8083333333333333 0.13819444444444445 0.8287037037037037 0.13819444444444445 0.8287037037037037 0.15416666666666667 0.8083333333333333 0.15416666666666667
0 0.8638888888888888 0.1375 0.8824074074074074 0.1375 0.8824074074074074 0.15347222222222223 0.8638888888888888 0.15347222222222223
2 0.5388064814814815 0.14147569444444444 0.5993 0.1331423611111111 0.6746092592592592 0.2933277777777778 0.6141148148148149 0.29888333333333333 0.5388064814814815 0.14147569444444444
4 0.4418916666666667 0.13638333333333333 0.9141175925925925 0.13638333333333333 0.7085601851851852 0.28499444444444444 0.3418907407407408 0.26555 0.4418916666666667 0.13638333333333333