0 0.6361111111111111 0.34930555555555554 0.6648148148148147 0.34930555555555554 0.6648148148148147 0.37083333333333335 0.6361111111111111 0.37083333333333335
0 0.6009259259259259 0.39236111111111116 0.6305555555555555 0.39236111111111116 0.6305555555555555 0.40694444444444444 0.6009259259259259 0.40694444444444444
0 0.4203703703703704 0.38125 0.4388888888888889 0.38125 0.4388888888888889 0.3979166666666667 0.4203703703703704 0.3979166666666667
0 0.4481481481481482 0.33125 0.46944444444444444 0.33125 0.46944444444444444 0.3506944444444445 0.4481481481481482 0.3506944444444445
0 0.3648148148148148 0.2986111111111111 0.3833333333333333 0.2986111111111111 0.3833333333333333 0.3201388888888889 0.3648148148148148 0.3201388888888889
0 0.2722222222222222 0.2680555555555556 0.29537037037037034 0.2680555555555556 0.29537037037037034 0.2833333333333333 0.2722222222222222 0.2833333333333333
0 0.2277777777777778 0.31180555555555556 0.2462962962962963 0.31180555555555556 0.2462962962962963 0.3277777777777777 0.2277777777777778 0.3277777777777777
0 0.2962962962962963 0.33402777777777776 0.3138888888888889 0.33402777777777776 0.3138888888888889 0.3506944444444445 0.2962962962962963 0.3506944444444445
0 0.3583333333333333 0.3590277777777778 0.375 0.3590277777777778 0.375 0.3729166666666666 0.3583333333333333 0.3729166666666666
2 0.6362796296296297 0.3179548611111111 0.5047972222222222 0.45267708333333334 0.5529462962962963 0.48045486111111113 0.6918361111111111 0.35684375 0.6362796296296297 0.3179548611111111
9 0.27516666666666667 0.23045486111111113 0.14553611111111112 0.41934375 0.6918361111111111 0.5901770833333333 0.7585027777777777 0.37767708333333333 0.27516666666666667 0.23045486111111113
7 0.6659101851851852 0.42628819444444443 0.7233175925925925 0.42628819444444443 0.730725 0.5387881944444445 0.7622064814814815 0.6721215277777778 0.717762037037037 0.68184375 0.6344277777777778 0.4332326388888889 0.6659101851851852 0.42628819444444443