0 0.5268518518518518 0.25902777777777775 0.5564814814814815 0.25902777777777775 0.5564814814814815 0.2798611111111111 0.5268518518518518 0.2798611111111111
0 0.38796296296296295 0.12708333333333333 0.4175925925925926 0.12708333333333333 0.4175925925925926 0.15069444444444446 0.38796296296296295 0.15069444444444446
0 0.44814814814814813 0.2298611111111111 0.4685185185185185 0.2298611111111111 0.4685185185185185 0.24652777777777776 0.44814814814814813 0.24652777777777776
0 0.5148148148148148 0.21805555555555556 0.5398148148148147 0.21805555555555556 0.5398148148148147 0.2361111111111111 0.5148148148148148 0.2361111111111111
0 0.45740740740740743 0.18055555555555555 0.49074074074074076 0.18055555555555555 0.49074074074074076 0.20555555555555557 0.45740740740740743 0.20555555555555557
0 0.39166666666666666 0.2736111111111111 0.41759259259259257 0.2736111111111111 0.41759259259259257 0.2916666666666667 0.39166666666666666 0.2916666666666667
0 0.3935185185185185 0.17708333333333334 0.4101851851851852 0.17708333333333334 0.4101851851851852 0.19583333333333333 0.3935185185185185 0.19583333333333333
0 0.3574074074074074 0.14305555555555557 0.3759259259259259 0.14305555555555557 0.3759259259259259 0.16319444444444445 0.3574074074074074 0.16319444444444445
2 0.530499074074074 0.19638194444444446 0.44531296296296297 0.2363125 0.36012685185185184 0.27763194444444445 0.3897574074074074 0.3172152777777778 0.5740175925925926 0.24152083333333335 0.530499074074074 0.19638194444444446
6 0.5119805555555555 0.2706875 0.39438703703703704 0.31304861111111115 0.3971648148148148 0.3429097222222222 0.5286472222222222 0.31027083333333333 0.5119805555555555 0.2706875
8 0.4779185185185186 0.32640277777777776 0.4519916666666667 0.373625 0.522362962962963 0.973625 0.5964370370370371 0.9625138888888889 0.4779185185185186 0.32640277777777776
2 0.31540370370370374 0.16330347222222222 0.372812037037037 0.14108125000000002 0.5351583333333333 0.30867361111111113 0.47836759259259254 0.3336736111111111 0.31540370370370374 0.16330347222222222
2 0.33268796296296294 0.14478472222222222 0.5240472222222222 0.30867361111111113 0.596887037037037 0.26191458333333334 0.41417037037037036 0.10543263888888889 0.33268796296296294 0.14478472222222222