8 0.42110000000000003 0.3362395833333333 0.43232314814814815 0.3909534722222222 0.6483740740740741 0.95703125 0.690462037037037 0.9317784722222222 0.4547703703703704 0.3699097222222222 0.42110000000000003 0.3362395833333333
0 0.3212962962962963 0.3138888888888889 0.3407407407407408 0.3138888888888889 0.3407407407407408 0.32986111111111116 0.3212962962962963 0.32986111111111116
0 0.3694444444444444 0.2798611111111111 0.3861111111111111 0.2798611111111111 0.3861111111111111 0.2944444444444444 0.3694444444444444 0.2944444444444444
0 0.40092592592592596 0.2520833333333333 0.4222222222222222 0.2520833333333333 0.4222222222222222 0.2680555555555556 0.40092592592592596 0.2680555555555556
0 0.437962962962963 0.22430555555555556 0.4564814814814815 0.22430555555555556 0.4564814814814815 0.24166666666666667 0.437962962962963 0.24166666666666667
0 0.2925925925925926 0.20208333333333334 0.3138888888888889 0.20208333333333334 0.3138888888888889 0.22430555555555554 0.2925925925925926 0.22430555555555554
0 0.39537037037037037 0.2111111111111111 0.41481481481481486 0.2111111111111111 0.41481481481481486 0.22777777777777777 0.39537037037037037 0.22777777777777777
0 0.45833333333333337 0.3125 0.47685185185185186 0.3125 0.47685185185185186 0.33263888888888893 0.45833333333333337 0.33263888888888893
3 0.38260370370370367 0.20858819444444446 0.3789 0.2521069444444444 0.42087592592592593 0.26229166666666665 0.4233444444444444 0.21784722222222222 0.38260370370370367 0.20858819444444446
2 0.2961833333333333 0.18914375 0.4974194444444444 0.32432916666666667 0.47766574074074075 0.3576625 0.2776648148148148 0.23451388888888888 0.2961833333333333 0.18914375
2 0.452975 0.2095138888888889 0.2813685185185185 0.3437736111111111 0.33692407407407404 0.36414375 0.4974194444444444 0.23358819444444445 0.452975 0.2095138888888889