0 0.34629629629629627 0.20555555555555555 0.37407407407407406 0.20555555555555555 0.37407407407407406 0.23125 0.34629629629629627 0.23125
0 0.4194444444444444 0.1638888888888889 0.4462962962962963 0.1638888888888889 0.4462962962962963 0.18263888888888888 0.4194444444444444 0.18263888888888888
0 0.4824074074074074 0.20277777777777778 0.5111111111111111 0.20277777777777778 0.5111111111111111 0.21944444444444444 0.4824074074074074 0.21944444444444444
0 0.39814814814814814 0.225 0.42314814814814816 0.225 0.42314814814814816 0.24444444444444444 0.39814814814814814 0.24444444444444444
0 0.45 0.1701388888888889 0.46481481481481485 0.1701388888888889 0.46481481481481485 0.1923611111111111 0.45 0.1923611111111111
0 0.3944444444444445 0.18125 0.41574074074074074 0.18125 0.41574074074074074 0.19999999999999998 0.3944444444444445 0.19999999999999998
0 0.5555555555555556 0.29305555555555557 0.5805555555555555 0.29305555555555557 0.5805555555555555 0.3083333333333333 0.5555555555555556 0.3083333333333333
0 0.4953703703703704 0.325 0.513888888888889 0.325 0.513888888888889 0.3381944444444444 0.4953703703703704 0.3381944444444444
0 0.5120370370370371 0.2881944444444445 0.5314814814814814 0.2881944444444445 0.5314814814814814 0.3034722222222222 0.5120370370370371 0.3034722222222222
6 0.3883185185185185 0.36573819444444444 0.5253564814814815 0.3351826388888889 0.5389370370370371 0.3611083333333333 0.4698009259259259 0.3824048611111111 0.39325648148148146 0.3888861111111111 0.3883185185185185 0.36573819444444444
3 0.4373925925925926 0.1740715277777778 0.43554074074074073 0.21990486111111113 0.47813425925925923 0.23032152777777778 0.4762824074074074 0.17476597222222223 0.4373925925925926 0.1740715277777778
2 0.3383185185185185 0.21087708333333335 0.4318370370370371 0.15184930555555556 0.5901712962962963 0.3094881944444445 0.5179490740740741 0.35046041666666666 0.3383185185185185 0.21087708333333335