0 0.3861111111111111 0.23819444444444443 0.42129629629629634 0.23819444444444443 0.42129629629629634 0.2625 0.3861111111111111 0.2625
0 0.4537037037037037 0.16666666666666666 0.48518518518518516 0.16666666666666666 0.48518518518518516 0.1986111111111111 0.4537037037037037 0.1986111111111111
0 0.5925925925925927 0.14652777777777778 0.6231481481481481 0.14652777777777778 0.6231481481481481 0.17708333333333334 0.5925925925925927 0.17708333333333334
0 0.6046296296296296 0.2361111111111111 0.6324074074074073 0.2361111111111111 0.6324074074074073 0.2513888888888889 0.6046296296296296 0.2513888888888889
0 0.5416666666666667 0.2548611111111111 0.5694444444444444 0.2548611111111111 0.5694444444444444 0.27222222222222225 0.5416666666666667 0.27222222222222225
0 0.42407407407407405 0.3 0.44351851851851853 0.3 0.44351851851851853 0.3166666666666667 0.42407407407407405 0.3166666666666667
0 0.37870370370370365 0.3180555555555556 0.40555555555555556 0.3180555555555556 0.40555555555555556 0.33194444444444443 0.37870370370370365 0.33194444444444443
7 0.493425 0.27517777777777774 0.5323138888888889 0.2585111111111111 0.5897222222222221 0.33767777777777774 0.6017592592592592 0.39115 0.5600916666666667 0.4015666666666666 0.493425 0.27517777777777774
2 0.6387962962962963 0.14601111111111112 0.3906462962962963 0.25503888888888887 0.39805370370370374 0.3008722222222222 0.6702777777777778 0.19670555555555552 0.6387962962962963 0.14601111111111112
2 0.6332407407407408 0.2244833333333333 0.3656462962962963 0.31615 0.3758314814814815 0.36615 0.6452777777777777 0.2710111111111111 0.6332407407407408 0.2244833333333333
7 0.4776842592592593 0.21499305555555553 0.46472129629629627 0.23536319444444445 0.5517583333333334 0.2932333333333333 0.5628694444444444 0.27610416666666665 0.4776842592592593 0.21499305555555553