7 0.5756657407407408 0.20304027777777778 0.6080731481481482 0.19679027777777777 0.6265916666666668 0.25304027777777777 0.5960361111111112 0.2967902777777778 0.5747398148148148 0.2926236111111111 0.5756657407407408 0.20304027777777778
0 0.7324074074074074 0.09861111111111112 0.7564814814814815 0.09861111111111112 0.7564814814814815 0.11666666666666667 0.7324074074074074 0.11666666666666667
0 0.662962962962963 0.08888888888888889 0.6842592592592593 0.08888888888888889 0.6842592592592593 0.10694444444444444 0.662962962962963 0.10694444444444444
0 0.6916666666666667 0.11944444444444444 0.711111111111111 0.11944444444444444 0.711111111111111 0.13541666666666666 0.6916666666666667 0.13541666666666666
0 0.7398148148148148 0.14444444444444443 0.7546296296296297 0.14444444444444443 0.7546296296296297 0.15694444444444444 0.7398148148148148 0.15694444444444444
0 0.7824074074074074 0.12291666666666667 0.8018518518518518 0.12291666666666667 0.8018518518518518 0.13819444444444445 0.7824074074074074 0.13819444444444445
0 0.8333333333333333 0.09583333333333334 0.8546296296296296 0.09583333333333334 0.8546296296296296 0.11388888888888889 0.8333333333333333 0.11388888888888889
0 0.8925925925925926 0.07152777777777779 0.912037037037037 0.07152777777777779 0.912037037037037 0.08958333333333333 0.8925925925925926 0.08958333333333333
2 0.6451101851851853 0.1190125 0.6738138888888889 0.08637361111111111 0.7617777777777778 0.17179027777777778 0.7358518518518519 0.1912347222222222 0.6451101851851853 0.1190125
3 0.7330740740740741 0.09817916666666665 0.7034444444444444 0.14123472222222222 0.7330740740740741 0.15720694444444444 0.7608518518518519 0.10859583333333332 0.7330740740740741 0.09817916666666665
4 0.45436851851851856 0.23915138888888887 0.9265935185185186 0.06415138888888888 0.8228888888888889 0.24192916666666667 0.41547962962962964 0.35304027777777774 0.45436851851851856 0.23915138888888887