8 0.06355740740740741 0.9988909722222222 0.3061509259259259 0.6391687500000001 0.4283740740740741 0.4919465277777778 0.30800277777777774 0.7016687500000001 0.10429814814814814 1.0 0.06355740740740741 0.9988909722222222
6 0.4462759259259259 0.3870854166666667 0.4860907407407407 0.37458541666666667 0.5546092592592592 0.4218076388888889 0.5379425925925926 0.4433354166666667 0.4786833333333333 0.42597430555555554 0.4462759259259259 0.3870854166666667
0 0.43425925925925923 0.31805555555555554 0.45925925925925926 0.31805555555555554 0.45925925925925926 0.3375 0.43425925925925923 0.3375
0 0.47962962962962963 0.32013888888888886 0.5 0.32013888888888886 0.5 0.3375 0.47962962962962963 0.3375
0 0.5916666666666667 0.3013888888888889 0.6083333333333333 0.3013888888888889 0.6083333333333333 0.3215277777777778 0.5916666666666667 0.3215277777777778
0 0.6277777777777779 0.3236111111111111 0.6555555555555556 0.3236111111111111 0.6555555555555556 0.33888888888888885 0.6277777777777779 0.33888888888888885
0 0.5981481481481482 0.23819444444444446 0.6231481481481481 0.23819444444444446 0.6231481481481481 0.2569444444444445 0.5981481481481482 0.2569444444444445
0 0.49722222222222223 0.21875 0.5268518518518519 0.21875 0.5268518518518519 0.23194444444444445 0.49722222222222223 0.23194444444444445
0 0.5685185185185185 0.20347222222222222 0.5851851851851851 0.20347222222222222 0.5851851851851851 0.21944444444444444 0.5685185185185185 0.21944444444444444
0 0.4703703703703704 0.2076388888888889 0.49166666666666664 0.2076388888888889 0.49166666666666664 0.22430555555555556 0.4703703703703704 0.22430555555555556
2 0.6407212962962964 0.23083541666666668 0.4342388888888889 0.3343076388888889 0.47035 0.36347430555555554 0.6620175925925926 0.2690298611111111 0.6407212962962964 0.23083541666666668
0 0.4935185185185185 0.2833333333333333 0.5175925925925926 0.2833333333333333 0.5175925925925926 0.3027777777777778 0.4935185185185185 0.3027777777777778
2 0.43979444444444443 0.2120854166666667 0.506461111111111 0.20514097222222225 0.669425 0.3468076388888889 0.6036842592592593 0.36000208333333333 0.43979444444444443 0.2120854166666667
3 0.5629425925925925 0.19889097222222224 0.5527574074074073 0.23916875 0.5805361111111111 0.2502798611111111 0.5972027777777779 0.20722430555555557 0.5629425925925925 0.19889097222222224