6 0.5046435185185185 0.2773888888888889 0.5787185185185185 0.26905555555555555 0.584737037037037 0.2843333333333333 0.5375138888888888 0.29544444444444445 0.5055694444444444 0.29231944444444447 0.5046435185185185 0.2773888888888889
6 0.48288425925925926 0.26766666666666666 0.5458472222222223 0.26211111111111113 0.5467731481481481 0.27669444444444447 0.4847361111111111 0.2787777777777778 0.48288425925925926 0.26766666666666666
0 0.4462962962962963 0.16527777777777777 0.4703703703703703 0.16527777777777777 0.4703703703703703 0.18055555555555555 0.4462962962962963 0.18055555555555555
0 0.4888888888888889 0.14652777777777778 0.5046296296296297 0.14652777777777778 0.5046296296296297 0.15972222222222224 0.4888888888888889 0.15972222222222224
0 0.5055555555555556 0.15138888888888888 0.5277777777777778 0.15138888888888888 0.5277777777777778 0.1673611111111111 0.5055555555555556 0.1673611111111111
0 0.5203703703703704 0.16944444444444445 0.5407407407407407 0.16944444444444445 0.5407407407407407 0.18333333333333335 0.5203703703703704 0.18333333333333335
0 0.5814814814814815 0.22430555555555556 0.5962962962962963 0.22430555555555556 0.5962962962962963 0.24027777777777778 0.5814814814814815 0.24027777777777778
0 0.6074074074074074 0.2423611111111111 0.6296296296296295 0.2423611111111111 0.6296296296296295 0.25416666666666665 0.6074074074074074 0.25416666666666665
0 0.5981481481481482 0.1486111111111111 0.6203703703703703 0.1486111111111111 0.6203703703703703 0.1638888888888889 0.5981481481481482 0.1638888888888889
0 0.5722222222222222 0.10625 0.5907407407407408 0.10625 0.5907407407407408 0.12291666666666666 0.5722222222222222 0.12291666666666666
3 0.5688416666666667 0.10204166666666667 0.5497055555555556 0.15620833333333334 0.5805703703703703 0.16361527777777776 0.6003231481481482 0.10944861111111111 0.5688416666666667 0.10204166666666667
2 0.4382851851851852 0.1717173611111111 0.5003222222222222 0.1307451388888889 0.6503231481481482 0.25435625 0.5836564814814815 0.27796736111111114 0.4382851851851852 0.1717173611111111