6 0.5448453703703704 0.2495826388888889 0.568225 0.24124930555555554 0.611512962962963 0.2867354166666667 0.6045685185185184 0.2954159722222222 0.5948462962962963 0.2945479166666667 0.5448453703703704 0.2495826388888889
6 0.5897527777777778 0.2572215277777778 0.6006333333333334 0.25687430555555557 0.629337037037037 0.28465208333333336 0.6242444444444444 0.30201319444444447 0.5948462962962963 0.26954791666666666 0.5897527777777778 0.2572215277777778
0 0.4740740740740741 0.18472222222222223 0.49722222222222223 0.18472222222222223 0.49722222222222223 0.20069444444444445 0.4740740740740741 0.20069444444444445
0 0.5185185185185186 0.18680555555555556 0.537962962962963 0.18680555555555556 0.537962962962963 0.20277777777777778 0.5185185185185186 0.20277777777777778
0 0.7018518518518518 0.15555555555555556 0.7175925925925927 0.15555555555555556 0.7175925925925927 0.16736111111111113 0.7018518518518518 0.16736111111111113
0 0.6759259259259259 0.14652777777777778 0.7009259259259258 0.14652777777777778 0.7009259259259258 0.16666666666666666 0.6759259259259259 0.16666666666666666
0 0.7157407407407408 0.18958333333333335 0.7333333333333334 0.18958333333333335 0.7333333333333334 0.21180555555555555 0.7157407407407408 0.21180555555555555
0 0.6046296296296296 0.13541666666666666 0.625925925925926 0.13541666666666666 0.625925925925926 0.15138888888888888 0.6046296296296296 0.15138888888888888
0 0.6212962962962962 0.10277777777777777 0.6481481481481481 0.10277777777777777 0.6481481481481481 0.12361111111111112 0.6212962962962962 0.12361111111111112
2 0.7333500000000001 0.14200138888888889 0.4463111111111111 0.19431666666666664 0.49198981481481485 0.25033472222222225 0.7580416666666666 0.20172361111111112 0.7333500000000001 0.14200138888888889
3 0.6203861111111112 0.09524236111111112 0.5975462962962963 0.16190902777777777 0.638287037037037 0.16931666666666667 0.6635962962962962 0.11098333333333334 0.6203861111111112 0.09524236111111112