0 0.5898148148148148 0.26319444444444445 0.6166666666666667 0.26319444444444445 0.6166666666666667 0.28472222222222227 0.5898148148148148 0.28472222222222227
0 0.6268518518518519 0.2298611111111111 0.6527777777777778 0.2298611111111111 0.6527777777777778 0.2548611111111111 0.6268518518518519 0.2548611111111111
0 0.6842592592592593 0.25416666666666665 0.7064814814814815 0.25416666666666665 0.7064814814814815 0.2791666666666667 0.6842592592592593 0.2791666666666667
0 0.6453703703703704 0.28680555555555554 0.6675925925925925 0.28680555555555554 0.6675925925925925 0.31180555555555556 0.6453703703703704 0.31180555555555556
0 0.39722222222222225 0.31805555555555554 0.41574074074074074 0.31805555555555554 0.41574074074074074 0.3375 0.39722222222222225 0.3375
0 0.33240740740740743 0.2881944444444444 0.3509259259259259 0.2881944444444444 0.3509259259259259 0.3090277777777778 0.33240740740740743 0.3090277777777778
0 0.26481481481481484 0.2520833333333333 0.28240740740740744 0.2520833333333333 0.28240740740740744 0.27847222222222223 0.26481481481481484 0.27847222222222223
0 0.19166666666666665 0.22708333333333333 0.21574074074074073 0.22708333333333333 0.21574074074074073 0.24513888888888888 0.19166666666666665 0.24513888888888888
0 0.23240740740740742 0.1763888888888889 0.26203703703703707 0.1763888888888889 0.26203703703703707 0.19375 0.23240740740740742 0.19375
0 0.3314814814814815 0.21458333333333335 0.35462962962962963 0.21458333333333335 0.35462962962962963 0.23541666666666666 0.3314814814814815 0.23541666666666666
0 0.4175925925925926 0.25625 0.44351851851851853 0.25625 0.44351851851851853 0.27847222222222223 0.4175925925925926 0.27847222222222223
2 0.6483018518518519 0.20782847222222223 0.4557074074074074 0.3869951388888889 0.5260787037037037 0.43282847222222226 0.7279314814814816 0.2578284722222222 0.6483018518518519 0.20782847222222223
9 0.24644722222222223 0.13838402777777778 0.10755740740740741 0.38143958333333333 0.6464500000000001 0.54810625 0.6779314814814815 0.29671736111111113 0.24644722222222223 0.13838402777777778
7 0.7745407407407408 0.16333402777777778 0.845937962962963 0.14492708333333332 0.8883296296296296 0.30724305555555553 0.9619583333333332 0.3875645833333333 0.9195657407407407 0.4143381944444445 0.8169324074074075 0.3172833333333333 0.7745407407407408 0.16333402777777778