0 0.47870370370370374 0.17569444444444446 0.5 0.17569444444444446 0.5 0.19375 0.47870370370370374 0.19375
0 0.5481481481481482 0.12708333333333333 0.5648148148148148 0.12708333333333333 0.5648148148148148 0.14027777777777778 0.5481481481481482 0.14027777777777778
0 0.5972222222222222 0.1326388888888889 0.6166666666666666 0.1326388888888889 0.6166666666666666 0.14791666666666667 0.5972222222222222 0.14791666666666667
0 0.6194444444444445 0.10694444444444444 0.6342592592592593 0.10694444444444444 0.6342592592592593 0.12013888888888889 0.6194444444444445 0.12013888888888889
0 0.6342592592592593 0.14097222222222222 0.6537037037037037 0.14097222222222222 0.6537037037037037 0.15347222222222223 0.6342592592592593 0.15347222222222223
0 0.6564814814814814 0.17361111111111113 0.6796296296296296 0.17361111111111113 0.6796296296296296 0.19583333333333333 0.6564814814814814 0.19583333333333333
0 0.6259259259259259 0.18333333333333332 0.638888888888889 0.18333333333333332 0.638888888888889 0.19722222222222222 0.6259259259259259 0.19722222222222222
0 0.5203703703703704 0.1798611111111111 0.538888888888889 0.1798611111111111 0.538888888888889 0.19375 0.5203703703703704 0.19375
0 0.5305555555555556 0.21458333333333332 0.5453703703703704 0.21458333333333332 0.5453703703703704 0.22361111111111112 0.5305555555555556 0.22361111111111112
2 0.6731814814814814 0.13191041666666667 0.4713277777777778 0.18839236111111113 0.5200935185185186 0.2425590277777778 0.7034287037037037 0.18978125 0.6731814814814814 0.13191041666666667
3 0.6213287037037036 0.09904027777777777 0.5910824074074075 0.14904027777777779 0.6200944444444444 0.1633923611111111 0.6460203703703704 0.11246597222222222 0.6213287037037036 0.09904027777777777
6 0.48799444444444445 0.29811458333333335 0.5657731481481482 0.3388548611111111 0.5497240740740741 0.3601513888888889 0.4657722222222222 0.31200347222222224 0.48799444444444445 0.29811458333333335