0 0.2685185185185185 0.22430555555555554 0.29814814814814816 0.22430555555555554 0.29814814814814816 0.24791666666666667 0.2685185185185185 0.24791666666666667
0 0.35 0.26458333333333334 0.37962962962962965 0.26458333333333334 0.37962962962962965 0.2868055555555556 0.35 0.2868055555555556
0 0.43148148148148147 0.3048611111111111 0.45925925925925926 0.3048611111111111 0.45925925925925926 0.32430555555555557 0.43148148148148147 0.32430555555555557
0 0.3592592592592592 0.33541666666666664 0.3814814814814815 0.33541666666666664 0.3814814814814815 0.35625 0.3592592592592592 0.35625
0 0.2962962962962963 0.30069444444444443 0.32407407407407407 0.30069444444444443 0.32407407407407407 0.32569444444444445 0.2962962962962963 0.32569444444444445
0 0.22962962962962963 0.27152777777777776 0.25555555555555554 0.27152777777777776 0.25555555555555554 0.2965277777777778 0.22962962962962963 0.2965277777777778
0 0.4203703703703704 0.36180555555555555 0.4444444444444444 0.36180555555555555 0.4444444444444444 0.3826388888888889 0.4203703703703704 0.3826388888888889
0 0.4944444444444444 0.36875 0.5166666666666666 0.36875 0.5166666666666666 0.38402777777777775 0.4944444444444444 0.38402777777777775
0 0.6018518518518519 0.4215277777777778 0.6314814814814815 0.4215277777777778 0.6314814814814815 0.4368055555555555 0.6018518518518519 0.4368055555555555
7 0.5737268518518519 0.19660972222222223 0.6495861111111111 0.14975555555555556 0.8191546296296296 0.2953381944444444 0.8927824074074074 0.3806791666666667 0.8236166666666667 0.4191666666666667 0.5737268518518519 0.19660972222222223
9 0.2569018518518519 0.18991666666666668 0.741063888888889 0.4342270833333334 0.7031342592592592 0.5714423611111111 0.18773518518518517 0.3321520833333333 0.2569018518518519 0.18991666666666668