6 0.5920657407407408 0.2691909722222222 0.5041018518518519 0.31363541666666667 0.5003981481481481 0.3421076388888889 0.6198435185185186 0.29766319444444445 0.5920657407407408 0.2691909722222222
0 0.6564814814814814 0.23402777777777778 0.6916666666666667 0.23402777777777778 0.6916666666666667 0.24583333333333335 0.6564814814814814 0.24583333333333335
0 0.39629629629629626 0.27083333333333337 0.42592592592592593 0.27083333333333337 0.42592592592592593 0.28680555555555554 0.39629629629629626 0.28680555555555554
0 0.625 0.17777777777777778 0.6555555555555554 0.17777777777777778 0.6555555555555554 0.20694444444444446 0.625 0.20694444444444446
0 0.3768518518518518 0.08472222222222223 0.4064814814814815 0.08472222222222223 0.4064814814814815 0.11249999999999999 0.3768518518518518 0.11249999999999999
0 0.4870370370370371 0.12361111111111112 0.5518518518518519 0.12361111111111112 0.5518518518518519 0.13611111111111113 0.4870370370370371 0.13611111111111113
0 0.5833333333333334 0.10625 0.6157407407407408 0.10625 0.6157407407407408 0.12916666666666665 0.5833333333333334 0.12916666666666665
6 0.47076851851851853 0.16988541666666665 0.49484259259259256 0.1518298611111111 0.5300277777777778 0.16641319444444444 0.5791027777777779 0.21294097222222222 0.5679907407407407 0.22682986111111111 0.47076851851851853 0.16988541666666665
3 0.5368185185185185 0.09766319444444443 0.5331148148148148 0.1483576388888889 0.5794111111111111 0.15530208333333334 0.5849666666666666 0.10391319444444444 0.5368185185185185 0.09766319444444443
2 0.6636712962962963 0.17266319444444445 0.3794092592592593 0.2858576388888889 0.42941018518518514 0.33585763888888887 0.693300925925926 0.22127430555555555 0.6636712962962963 0.17266319444444445
2 0.3618166666666667 0.13238541666666667 0.42478055555555555 0.08446875000000001 0.6997824074074074 0.24349652777777778 0.6497814814814815 0.27682986111111113 0.3618166666666667 0.13238541666666667