6 0.5614185185185185 0.23735416666666667 0.6641962962962963 0.2456875 0.6586407407407407 0.2665208333333334 0.5669740740740741 0.2609652777777778 0.5614185185185185 0.23735416666666667
0 0.6444444444444445 0.10347222222222223 0.6583333333333333 0.10347222222222223 0.6583333333333333 0.11388888888888889 0.6444444444444445 0.11388888888888889
0 0.6555555555555556 0.07847222222222222 0.6675925925925926 0.07847222222222222 0.6675925925925926 0.09097222222222223 0.6555555555555556 0.09097222222222223
0 0.4537037037037037 0.002083333333333333 0.4722222222222222 0.002083333333333333 0.4722222222222222 0.01875 0.4537037037037037 0.01875
0 0.5166666666666667 0.017361111111111112 0.5361111111111111 0.017361111111111112 0.5361111111111111 0.034722222222222224 0.5166666666666667 0.034722222222222224
0 0.5814814814814815 0.034722222222222224 0.5981481481481481 0.034722222222222224 0.5981481481481481 0.050694444444444445 0.5814814814814815 0.050694444444444445
0 0.5166666666666666 0.17152777777777778 0.5351851851851852 0.17152777777777778 0.5351851851851852 0.1840277777777778 0.5166666666666666 0.1840277777777778
0 0.48055555555555557 0.15902777777777777 0.4953703703703704 0.15902777777777777 0.4953703703703704 0.17430555555555555 0.48055555555555557 0.17430555555555555
0 0.44074074074074077 0.14930555555555555 0.4537037037037037 0.14930555555555555 0.4537037037037037 0.16527777777777777 0.44074074074074077 0.16527777777777777
0 0.4027777777777778 0.14027777777777778 0.41574074074074074 0.14027777777777778 0.41574074074074074 0.15486111111111112 0.4027777777777778 0.15486111111111112
2 0.6293194444444444 0.06397499999999999 0.676850925925926 0.07878958333333333 0.6391962962962963 0.18619722222222224 0.5984555555555555 0.17740069444444445 0.6293194444444444 0.06397499999999999
9 0.3845648148148148 8.61111111111111e-05 0.5154305555555555 8.61111111111111e-05 0.7216046296296296 0.05471527777777778 0.638887962962963 0.3297152777777778 0.3314787037037037 0.23897500000000002 0.3845648148148148 8.61111111111111e-05