0 0.5018518518518519 0.1527777777777778 0.525 0.1527777777777778 0.525 0.17291666666666666 0.5018518518518519 0.17291666666666666
0 0.6296296296296297 0.08194444444444444 0.6537037037037038 0.08194444444444444 0.6537037037037038 0.10208333333333335 0.6296296296296297 0.10208333333333335
0 0.6675925925925926 0.07430555555555556 0.6972222222222223 0.07430555555555556 0.6972222222222223 0.09930555555555555 0.6675925925925926 0.09930555555555555
0 0.6777777777777778 0.13541666666666669 0.6972222222222222 0.13541666666666669 0.6972222222222222 0.15763888888888888 0.6777777777777778 0.15763888888888888
0 0.5518518518518518 0.19930555555555557 0.575 0.19930555555555557 0.575 0.21805555555555556 0.5518518518518518 0.21805555555555556
0 0.5462962962962963 0.15763888888888888 0.5657407407407407 0.15763888888888888 0.5657407407407407 0.17569444444444443 0.5462962962962963 0.17569444444444443
0 0.6694444444444445 0.059027777777777776 0.6888888888888889 0.059027777777777776 0.6888888888888889 0.07569444444444444 0.6694444444444445 0.07569444444444444
0 0.7046296296296296 0.09583333333333333 0.7287037037037037 0.09583333333333333 0.7287037037037037 0.10833333333333334 0.7046296296296296 0.10833333333333334
0 0.7259259259259259 0.13333333333333333 0.75 0.13333333333333333 0.75 0.15416666666666665 0.7259259259259259 0.15416666666666665
3 0.6632027777777778 0.04566041666666667 0.6286342592592592 0.11880833333333334 0.6718444444444445 0.12621597222222222 0.7027092592592593 0.06880833333333333 0.6632027777777778 0.04566041666666667
2 0.4962259259259259 0.16695694444444445 0.7332648148148149 0.06788263888888889 0.7653638888888888 0.12991944444444445 0.5388194444444444 0.22482708333333332 0.4962259259259259 0.16695694444444445
6 0.5684490740740741 0.1877902777777778 0.5956092592592593 0.18038263888888886 0.6536342592592592 0.235475 0.6369675925925925 0.25399374999999996 0.5684490740740741 0.1877902777777778
6 0.5011648148148149 0.27343819444444445 0.5684490740740741 0.25399374999999996 0.5925231481481481 0.27853055555555556 0.5499305555555555 0.28732708333333334 0.5023990740740741 0.29334583333333336 0.5011648148148149 0.27343819444444445