0 0.5879629629629629 0.15625 0.5861111111111111 0.15763888888888888 0.5861111111111111 0.15902777777777777 0.587037037037037 0.1597222222222222 0.5879629629629629 0.1597222222222222 0.5898148148148148 0.15833333333333333 0.5907407407407408 0.15833333333333333 0.5907407407407408 0.15625
0 0.6064814814814815 0.1388888888888889 0.6046296296296296 0.14027777777777778 0.6037037037037037 0.14027777777777778 0.6018518518518519 0.14166666666666666 0.6018518518518519 0.14305555555555555 0.600925925925926 0.14375 0.600925925925926 0.14444444444444443 0.6 0.1451388888888889 0.5990740740740741 0.1451388888888889 0.5953703703703703 0.14791666666666667 0.5953703703703703 0.14930555555555555 0.5944444444444444 0.15 0.5944444444444444 0.15069444444444444 0.5953703703703703 0.15138888888888888 0.5962962962962963 0.15069444444444444 0.5972222222222222 0.15069444444444444 0.6 0.1486111111111111 0.6 0.14791666666666667 0.600925925925926 0.14722222222222223 0.6018518518518519 0.14722222222222223 0.6027777777777777 0.14652777777777778 0.6037037037037037 0.14652777777777778 0.6037037037037037 0.14583333333333334 0.6055555555555555 0.14444444444444443 0.6064814814814815 0.14444444444444443 0.6064814814814815 0.14375 0.6074074074074074 0.14305555555555555 0.6074074074074074 0.1423611111111111 0.6083333333333333 0.14166666666666666 0.6083333333333333 0.14027777777777778 0.6074074074074074 0.13958333333333334 0.6074074074074074 0.1388888888888889
0 0.6231481481481481 0.12222222222222222 0.6175925925925926 0.12638888888888888 0.6175925925925926 0.12708333333333333 0.6166666666666667 0.12777777777777777 0.6166666666666667 0.1284722222222222 0.6157407407407407 0.12916666666666668 0.6148148148148148 0.12916666666666668 0.612037037037037 0.13125 0.612037037037037 0.13194444444444445 0.6111111111111112 0.1326388888888889 0.6111111111111112 0.13333333333333333 0.6101851851851852 0.13402777777777777 0.6101851851851852 0.13472222222222222 0.6111111111111112 0.13541666666666666 0.612037037037037 0.13541666666666666 0.6129629629629629 0.13472222222222222 0.6138888888888889 0.13472222222222222 0.6203703703703703 0.12986111111111112 0.6212962962962963 0.12986111111111112 0.6222222222222222 0.12916666666666668 0.6222222222222222 0.1284722222222222 0.6231481481481481 0.12777777777777777 0.6231481481481481 0.12708333333333333 0.6240740740740741 0.12638888888888888 0.6240740740740741 0.12291666666666666
0 0.6388888888888888 0.1076388888888889 0.6361111111111111 0.10972222222222222 0.6351851851851852 0.10972222222222222 0.6333333333333333 0.1111111111111111 0.6333333333333333 0.11180555555555556 0.6305555555555555 0.11388888888888889 0.6296296296296297 0.11388888888888889 0.6287037037037037 0.11458333333333333 0.6287037037037037 0.11527777777777778 0.6277777777777778 0.11597222222222223 0.6277777777777778 0.11666666666666667 0.6268518518518519 0.11736111111111111 0.6268518518518519 0.11805555555555555 0.6259259259259259 0.11875 0.6259259259259259 0.12013888888888889 0.6296296296296297 0.12013888888888889 0.6305555555555555 0.11944444444444445 0.6314814814814815 0.11944444444444445 0.6324074074074074 0.11875 0.6333333333333333 0.11875 0.6342592592592593 0.11805555555555555 0.6342592592592593 0.11736111111111111 0.6351851851851852 0.11666666666666667 0.6351851851851852 0.11597222222222223 0.6361111111111111 0.11527777777777778 0.6370370370370371 0.11527777777777778 0.637962962962963 0.11458333333333333 0.637962962962963 0.11388888888888889 0.6388888888888888 0.11319444444444444 0.6388888888888888 0.1125 0.6407407407407407 0.1111111111111111 0.6407407407407407 0.10902777777777778
0 0.6546296296296297 0.09236111111111112 0.65 0.09583333333333334 0.65 0.09652777777777778 0.6472222222222223 0.09861111111111111 0.6462962962962963 0.09861111111111111 0.6453703703703704 0.09930555555555555 0.6453703703703704 0.10208333333333333 0.6444444444444445 0.10277777777777777 0.6453703703703704 0.10347222222222222 0.65 0.10347222222222222 0.65 0.10277777777777777 0.6509259259259259 0.10208333333333333 0.6509259259259259 0.10069444444444445 0.6537037037037037 0.09861111111111111 0.6537037037037037 0.09791666666666667 0.6574074074074074 0.09513888888888888 0.6574074074074074 0.09375 0.6564814814814814 0.09305555555555556 0.6555555555555556 0.09305555555555556
0 0.6722222222222223 0.07708333333333334 0.6712962962962963 0.07777777777777778 0.6694444444444444 0.07777777777777778 0.6657407407407407 0.08055555555555556 0.6657407407407407 0.08125 0.662962962962963 0.08333333333333333 0.6620370370370371 0.08333333333333333 0.6611111111111111 0.08402777777777778 0.6611111111111111 0.08611111111111111 0.6601851851851852 0.08680555555555555 0.6601851851851852 0.08958333333333333 0.6611111111111111 0.09027777777777778 0.662962962962963 0.08888888888888889 0.6648148148148149 0.08888888888888889 0.6666666666666666 0.0875 0.6666666666666666 0.08680555555555555 0.6675925925925926 0.08611111111111111 0.6675925925925926 0.08541666666666667 0.6694444444444444 0.08402777777777778 0.6694444444444444 0.08333333333333333 0.6703703703703704 0.08263888888888889 0.6703703703703704 0.08194444444444444 0.6722222222222223 0.08055555555555556 0.6731481481481482 0.08055555555555556 0.6731481481481482 0.0798611111111111 0.674074074074074 0.07916666666666666 0.674074074074074 0.07708333333333334
0 0.6888888888888889 0.06180555555555556 0.687962962962963 0.0625 0.6861111111111111 0.0625 0.6842592592592592 0.06388888888888888 0.6833333333333333 0.06388888888888888 0.6824074074074075 0.06458333333333334 0.6824074074074075 0.06527777777777778 0.6814814814814815 0.06597222222222222 0.6814814814814815 0.06666666666666667 0.6796296296296296 0.06805555555555555 0.6787037037037037 0.06805555555555555 0.6777777777777778 0.06875 0.6777777777777778 0.07013888888888889 0.6768518518518518 0.07083333333333333 0.6768518518518518 0.07291666666666667 0.6759259259259259 0.07361111111111111 0.6759259259259259 0.07569444444444444 0.6768518518518518 0.07569444444444444 0.6777777777777778 0.075 0.6777777777777778 0.07430555555555556 0.6787037037037037 0.07361111111111111 0.6805555555555556 0.07361111111111111 0.6833333333333333 0.07152777777777777 0.6833333333333333 0.07083333333333333 0.6842592592592592 0.07013888888888889 0.6842592592592592 0.06944444444444445 0.6851851851851852 0.06875 0.6851851851851852 0.06805555555555555 0.6861111111111111 0.06736111111111111 0.6861111111111111 0.06666666666666667 0.6898148148148148 0.06388888888888888 0.6898148148148148 0.06180555555555556
0 0.5120370370370371 0.05416666666666667 0.5111111111111111 0.05486111111111111 0.5083333333333333 0.05486111111111111 0.5064814814814815 0.05625 0.5055555555555555 0.05625 0.5018518518518519 0.059027777777777776 0.5018518518518519 0.059722222222222225 0.5009259259259259 0.06041666666666667 0.5009259259259259 0.06180555555555556 0.5 0.0625 0.5 0.06319444444444444 0.49907407407407406 0.06388888888888888 0.49907407407407406 0.07083333333333333 0.5 0.07152777777777777 0.5 0.07777777777777778 0.49907407407407406 0.07847222222222222 0.49907407407407406 0.0798611111111111 0.4981481481481482 0.08055555555555556 0.4981481481481482 0.08125 0.49722222222222223 0.08194444444444444 0.49722222222222223 0.08263888888888889 0.49537037037037035 0.08402777777777778 0.49537037037037035 0.08472222222222223 0.49166666666666664 0.0875 0.49166666666666664 0.08819444444444445 0.4842592592592593 0.09375 0.4842592592592593 0.09444444444444444 0.48333333333333334 0.09513888888888888 0.48333333333333334 0.09722222222222222 0.4824074074074074 0.09791666666666667 0.4824074074074074 0.10833333333333334 0.48333333333333334 0.10902777777777778 0.48333333333333334 0.1111111111111111 0.4842592592592593 0.11180555555555556 0.4842592592592593 0.12569444444444444 0.48333333333333334 0.12638888888888888 0.48333333333333334 0.1375 0.4824074074074074 0.13819444444444445 0.4824074074074074 0.15 0.48148148148148145 0.15069444444444444 0.48148148148148145 0.15486111111111112 0.48055555555555557 0.15555555555555556 0.48055555555555557 0.15694444444444444 0.4777777777777778 0.15902777777777777 0.4740740740740741 0.15902777777777777 0.47314814814814815 0.15833333333333333 0.47129629629629627 0.15833333333333333 0.4703703703703704 0.15763888888888888 0.46944444444444444 0.15763888888888888 0.4685185185185185 0.15694444444444444 0.4675925925925926 0.15694444444444444 0.46574074074074073 0.15555555555555556 0.4648148148148148 0.15555555555555556 0.4601851851851852 0.15208333333333332 0.4601851851851852 0.15138888888888888 0.45092592592592595 0.14444444444444443 0.45092592592592595 0.14375 0.4444444444444444 0.1388888888888889 0.4444444444444444 0.13819444444444445 0.4425925925925926 0.13680555555555557 0.4425925925925926 0.1361111111111111 0.4398148148148148 0.13402777777777777 0.4398148148148148 0.13333333333333333 0.43425925925925923 0.12916666666666668 0.43425925925925923 0.1284722222222222 0.42685185185185187 0.12291666666666666 0.42685185185185187 0.12222222222222222 0.42407407407407405 0.12013888888888889 0.42407407407407405 0.11944444444444445 0.4185185185185185 0.11527777777777778 0.4185185185185185 0.11458333333333333 0.41574074074074074 0.1125 0.41574074074074074 0.11180555555555556 0.412962962962963 0.10972222222222222 0.412962962962963 0.10902777777777778 0.4111111111111111 0.1076388888888889 0.4111111111111111 0.10694444444444444 0.4083333333333333 0.10486111111111111 0.4083333333333333 0.10416666666666667 0.4074074074074074 0.10347222222222222 0.4074074074074074 0.10277777777777777 0.4064814814814815 0.10208333333333333 0.4064814814814815 0.10069444444444445 0.40555555555555556 0.1 0.40555555555555556 0.09513888888888888 0.4046296296296296 0.09444444444444444 0.4046296296296296 0.09236111111111112 0.40370370370370373 0.09166666666666666 0.40370370370370373 0.08819444444444445 0.4027777777777778 0.0875 0.4027777777777778 0.08611111111111111 0.4009259259259259 0.08472222222222223 0.4009259259259259 0.08402777777777778 0.4 0.08333333333333333 0.4 0.0798611111111111 0.3990740740740741 0.0798611111111111 0.39814814814814814 0.08055555555555556 0.3962962962962963 0.08055555555555556 0.39537037037037037 0.08125 0.3925925925925926 0.08125 0.39166666666666666 0.08194444444444444 0.3907407407407407 0.08194444444444444 0.38981481481481484 0.08263888888888889 0.3888888888888889 0.08263888888888889 0.3851851851851852 0.08541666666666667 0.38425925925925924 0.08541666666666667 0.38425925925925924 0.08611111111111111 0.3824074074074074 0.0875 0.3824074074074074 0.08958333333333333 0.3814814814814815 0.09027777777777778 0.3814814814814815 0.09236111111111112 0.38055555555555554 0.09305555555555556 0.38055555555555554 0.10347222222222222 0.3814814814814815 0.10416666666666667 0.3814814814814815 0.10625 0.3824074074074074 0.10694444444444444 0.3824074074074074 0.10833333333333334 0.38333333333333336 0.10902777777777778 0.38333333333333336 0.10972222222222222 0.38981481481481484 0.11458333333333333 0.3907407407407407 0.11458333333333333 0.3925925925925926 0.11597222222222223 0.39444444444444443 0.11597222222222223 0.39537037037037037 0.11666666666666667 0.3962962962962963 0.11666666666666667 0.41203703703703703 0.1284722222222222 0.41203703703703703 0.12916666666666668 0.41388888888888886 0.13055555555555556 0.41388888888888886 0.13125 0.4185185185185185 0.13472222222222222 0.4185185185185185 0.13541666666666666 0.4203703703703704 0.13680555555555557 0.4203703703703704 0.1375 0.42962962962962964 0.14444444444444443 0.42962962962962964 0.1451388888888889 0.4305555555555556 0.14583333333333334 0.4305555555555556 0.14652777777777778 0.43703703703703706 0.15138888888888888 0.43703703703703706 0.15208333333333332 0.43796296296296294 0.1527777777777778 0.43796296296296294 0.15347222222222223 0.4462962962962963 0.1597222222222222 0.4462962962962963 0.16041666666666668 0.45092592592592595 0.1638888888888889 0.45092592592592595 0.16458333333333333 0.4583333333333333 0.1701388888888889 0.45925925925925926 0.1701388888888889 0.46111111111111114 0.17152777777777778 0.462037037037037 0.17152777777777778 0.4638888888888889 0.17291666666666666 0.4648148148148148 0.17291666666666666 0.4685185185185185 0.17569444444444443 0.46944444444444444 0.17569444444444443 0.47129629629629627 0.17708333333333334 0.4722222222222222 0.17708333333333334 0.47314814814814815 0.17777777777777778 0.475 0.17777777777777778 0.4759259259259259 0.17847222222222223 0.47685185185185186 0.17847222222222223 0.4777777777777778 0.17916666666666667 0.4787037037037037 0.17916666666666667 0.48148148148148145 0.18125 0.48148148148148145 0.19166666666666668 0.48055555555555557 0.19236111111111112 0.48055555555555557 0.21180555555555555 0.47962962962962963 0.2125 0.47962962962962963 0.23472222222222222 0.4787037037037037 0.23541666666666666 0.4787037037037037 0.2791666666666667 0.4777777777777778 0.2798611111111111 0.4777777777777778 0.3472222222222222 0.47685185185185186 0.34791666666666665 0.47685185185185186 0.41458333333333336 0.4759259259259259 0.4152777777777778 0.4759259259259259 0.4201388888888889 0.47685185185185186 0.42083333333333334 0.47685185185185186 0.4326388888888889 0.4759259259259259 0.43333333333333335 0.4759259259259259 0.43680555555555556 0.47685185185185186 0.4375 0.47685185185185186 0.44305555555555554 0.4759259259259259 0.44375 0.47685185185185186 0.4444444444444444 0.47685185185185186 0.44722222222222224 0.4759259259259259 0.4479166666666667 0.4759259259259259 0.45208333333333334 0.47685185185185186 0.4527777777777778 0.47685185185185186 0.46319444444444446 0.4759259259259259 0.4638888888888889 0.4759259259259259 0.5076388888888889 0.47685185185185186 0.5083333333333333 0.47685185185185186 0.5104166666666666 0.4759259259259259 0.5111111111111111 0.4759259259259259 0.5972222222222222 0.475 0.5979166666666667 0.475 0.6097222222222223 0.4759259259259259 0.6104166666666667 0.4759259259259259 0.6118055555555556 0.475 0.6125 0.475 0.7298611111111111 0.4740740740740741 0.7305555555555555 0.4740740740740741 0.7347222222222223 0.475 0.7354166666666667 0.475 0.7368055555555556 0.4740740740740741 0.7375 0.4740740740740741 0.8125 0.475 0.8131944444444444 0.475 0.8243055555555555 0.4740740740740741 0.825 0.4740740740740741 0.8270833333333333 0.475 0.8277777777777777 0.475 0.8305555555555556 0.4740740740740741 0.83125 0.4740740740740741 0.8416666666666667 0.47314814814814815 0.8423611111111111 0.47314814814814815 0.8930555555555556 0.4722222222222222 0.89375 0.4722222222222222 0.8979166666666667 0.47314814814814815 0.8986111111111111 0.47314814814814815 0.9013888888888889 0.4722222222222222 0.9020833333333333 0.4722222222222222 0.90625 0.47314814814814815 0.9069444444444444 0.47314814814814815 0.9104166666666667 0.4722222222222222 0.9111111111111111 0.4722222222222222 0.9125 0.47314814814814815 0.9131944444444444 0.47314814814814815 0.91875 0.4722222222222222 0.9194444444444444 0.4722222222222222 0.9270833333333334 0.47314814814814815 0.9277777777777778 0.47314814814814815 0.9347222222222222 0.4722222222222222 0.9354166666666667 0.4722222222222222 0.9763888888888889 0.47314814814814815 0.9770833333333333 0.47314814814814815 0.9791666666666666 0.4722222222222222 0.9798611111111111 0.4722222222222222 0.9840277777777777 0.47314814814814815 0.9847222222222223 0.47314814814814815 0.9993055555555556 0.6166666666666667 0.9993055555555556 0.6166666666666667 0.9930555555555556 0.6157407407407407 0.9923611111111111 0.6157407407407407 0.9701388888888889 0.6148148148148148 0.9694444444444444 0.6148148148148148 0.9659722222222222 0.6138888888888889 0.9652777777777778 0.6138888888888889 0.9576388888888889 0.6129629629629629 0.9569444444444445 0.6129629629629629 0.9534722222222223 0.6138888888888889 0.9527777777777777 0.6138888888888889 0.9493055555555555 0.6129629629629629 0.9486111111111111 0.6129629629629629 0.94375 0.612037037037037 0.9430555555555555 0.612037037037037 0.9333333333333333 0.6111111111111112 0.9326388888888889 0.6111111111111112 0.9277777777777778 0.6101851851851852 0.9270833333333334 0.6101851851851852 0.9173611111111111 0.6092592592592593 0.9166666666666666 0.6092592592592593 0.9104166666666667 0.6083333333333333 0.9097222222222222 0.6083333333333333 0.8986111111111111 0.6074074074074074 0.8979166666666667 0.6074074074074074 0.8840277777777777 0.6064814814814815 0.8833333333333333 0.6064814814814815 0.8756944444444444 0.6055555555555555 0.875 0.6055555555555555 0.86875 0.6046296296296296 0.8680555555555556 0.6046296296296296 0.8625 0.6037037037037037 0.8618055555555556 0.6037037037037037 0.85625 0.6027777777777777 0.8555555555555555 0.6027777777777777 0.8486111111111111 0.6018518518518519 0.8479166666666667 0.6018518518518519 0.8375 0.600925925925926 0.8368055555555556 0.600925925925926 0.8277777777777777 0.6 0.8270833333333333 0.6 0.8201388888888889 0.5990740740740741 0.8194444444444444 0.5990740740740741 0.8125 0.5981481481481481 0.8118055555555556 0.5981481481481481 0.8055555555555556 0.5972222222222222 0.8048611111111111 0.5972222222222222 0.7993055555555556 0.5962962962962963 0.7986111111111112 0.5962962962962963 0.7909722222222222 0.5953703703703703 0.7902777777777777 0.5953703703703703 0.7840277777777778 0.5944444444444444 0.7833333333333333 0.5944444444444444 0.7736111111111111 0.5935185185185186 0.7729166666666667 0.5935185185185186 0.7625 0.5925925925925926 0.7618055555555555 0.5925925925925926 0.75625 0.5916666666666667 0.7555555555555555 0.5916666666666667 0.7479166666666667 0.5907407407407408 0.7472222222222222 0.5907407407407408 0.7423611111111111 0.5898148148148148 0.7416666666666667 0.5898148148148148 0.7375 0.5888888888888889 0.7368055555555556 0.5888888888888889 0.7291666666666666 0.5879629629629629 0.7284722222222222 0.5879629629629629 0.7222222222222222 0.587037037037037 0.7215277777777778 0.587037037037037 0.7131944444444445 0.5861111111111111 0.7125 0.5861111111111111 0.7055555555555556 0.5851851851851851 0.7048611111111112 0.5851851851851851 0.6951388888888889 0.5842592592592593 0.6944444444444444 0.5842592592592593 0.6875 0.5833333333333334 0.6868055555555556 0.5833333333333334 0.6798611111111111 0.5824074074074074 0.6791666666666667 0.5824074074074074 0.6736111111111112 0.5814814814814815 0.6729166666666667 0.5814814814814815 0.6666666666666666 0.5805555555555556 0.6659722222222222 0.5805555555555556 0.6611111111111111 0.5796296296296296 0.6604166666666667 0.5796296296296296 0.6527777777777778 0.5787037037037037 0.6520833333333333 0.5787037037037037 0.6465277777777778 0.5777777777777777 0.6458333333333334 0.5777777777777777 0.6340277777777777 0.5768518518518518 0.6333333333333333 0.5768518518518518 0.625 0.575925925925926 0.6243055555555556 0.575925925925926 0.6173611111111111 0.575 0.6166666666666667 0.575 0.6076388888888888 0.5740740740740741 0.6069444444444444 0.5740740740740741 0.6027777777777777 0.5731481481481482 0.6020833333333333 0.5731481481481482 0.5958333333333333 0.5722222222222222 0.5951388888888889 0.5722222222222222 0.5875 0.5712962962962963 0.5868055555555556 0.5712962962962963 0.5805555555555556 0.5703703703703704 0.5798611111111112 0.5703703703703704 0.5701388888888889 0.5694444444444444 0.5694444444444444 0.5694444444444444 0.5597222222222222 0.5685185185185185 0.5590277777777778 0.5685185185185185 0.5527777777777778 0.5675925925925925 0.5520833333333334 0.5675925925925925 0.54375 0.5666666666666667 0.5430555555555555 0.5666666666666667 0.5381944444444444 0.5657407407407408 0.5375 0.5657407407407408 0.5291666666666667 0.5648148148148148 0.5284722222222222 0.5648148148148148 0.5236111111111111 0.5638888888888889 0.5229166666666667 0.5638888888888889 0.5131944444444444 0.562962962962963 0.5125 0.562962962962963 0.5076388888888889 0.562037037037037 0.5069444444444444 0.562037037037037 0.4986111111111111 0.5611111111111111 0.4979166666666667 0.5611111111111111 0.49166666666666664 0.5601851851851852 0.4909722222222222 0.5601851851851852 0.48125 0.5592592592592592 0.48055555555555557 0.5592592592592592 0.475 0.5583333333333333 0.47430555555555554 0.5583333333333333 0.46597222222222223 0.5574074074074075 0.4652777777777778 0.5574074074074075 0.46111111111111114 0.5564814814814815 0.46041666666666664 0.5564814814814815 0.4534722222222222 0.5555555555555556 0.4527777777777778 0.5555555555555556 0.44583333333333336 0.5546296296296296 0.44513888888888886 0.5546296296296296 0.4375 0.5537037037037037 0.43680555555555556 0.5537037037037037 0.4284722222222222 0.5527777777777778 0.42777777777777776 0.5527777777777778 0.4173611111111111 0.5518518518518518 0.4166666666666667 0.5518518518518518 0.41041666666666665 0.5509259259259259 0.4097222222222222 0.5509259259259259 0.40208333333333335 0.55 0.4013888888888889 0.55 0.3951388888888889 0.549074074074074 0.39444444444444443 0.549074074074074 0.3840277777777778 0.5481481481481482 0.38333333333333336 0.5481481481481482 0.37777777777777777 0.5472222222222223 0.3770833333333333 0.5472222222222223 0.37083333333333335 0.5462962962962963 0.3701388888888889 0.5462962962962963 0.3638888888888889 0.5453703703703704 0.36319444444444443 0.5453703703703704 0.35 0.5444444444444444 0.34930555555555554 0.5444444444444444 0.33402777777777776 0.5435185185185185 0.3333333333333333 0.5435185185185185 0.3236111111111111 0.5425925925925926 0.3229166666666667 0.5425925925925926 0.31527777777777777 0.5416666666666666 0.3145833333333333 0.5416666666666666 0.30625 0.5407407407407407 0.3055555555555556 0.5407407407407407 0.2986111111111111 0.5398148148148149 0.29791666666666666 0.5398148148148149 0.28888888888888886 0.5388888888888889 0.2881944444444444 0.5388888888888889 0.27569444444444446 0.537962962962963 0.275 0.537962962962963 0.2638888888888889 0.5370370370370371 0.26319444444444445 0.5370370370370371 0.25416666666666665 0.5361111111111111 0.2534722222222222 0.5361111111111111 0.24722222222222223 0.5351851851851852 0.2465277777777778 0.5351851851851852 0.2388888888888889 0.5342592592592592 0.23819444444444443 0.5342592592592592 0.2263888888888889 0.5333333333333333 0.22569444444444445 0.5333333333333333 0.21736111111111112 0.5342592592592592 0.21666666666666667 0.5342592592592592 0.21597222222222223 0.5333333333333333 0.2152777777777778 0.5333333333333333 0.20972222222222223 0.5324074074074074 0.20902777777777778 0.5324074074074074 0.20833333333333334 0.5333333333333333 0.2076388888888889 0.5333333333333333 0.2048611111111111 0.5342592592592592 0.20416666666666666 0.5342592592592592 0.20347222222222222 0.5361111111111111 0.20208333333333334 0.5370370370370371 0.20208333333333334 0.537962962962963 0.2013888888888889 0.5462962962962963 0.2013888888888889 0.5472222222222223 0.20069444444444445 0.5583333333333333 0.20069444444444445 0.5592592592592592 0.2013888888888889 0.5648148148148148 0.2013888888888889 0.5657407407407408 0.20208333333333334 0.5685185185185185 0.20208333333333334 0.5694444444444444 0.20277777777777778 0.5703703703703704 0.20277777777777778 0.5731481481481482 0.2048611111111111 0.5740740740740741 0.2048611111111111 0.575 0.20555555555555555 0.575925925925926 0.20555555555555555 0.5768518518518518 0.20625 0.5805555555555556 0.20625 0.5814814814814815 0.20555555555555555 0.5824074074074074 0.20555555555555555 0.5833333333333334 0.2048611111111111 0.5833333333333334 0.20416666666666666 0.5842592592592593 0.20347222222222222 0.5842592592592593 0.20277777777777778 0.5851851851851851 0.20208333333333334 0.5851851851851851 0.2013888888888889 0.5861111111111111 0.20069444444444445 0.5861111111111111 0.19652777777777777 0.5851851851851851 0.19583333333333333 0.5851851851851851 0.19305555555555556 0.5842592592592593 0.19236111111111112 0.5842592592592593 0.1840277777777778 0.5833333333333334 0.18333333333333332 0.5833333333333334 0.18194444444444444 0.5824074074074074 0.18125 0.5824074074074074 0.18055555555555555 0.5814814814814815 0.1798611111111111 0.5814814814814815 0.17916666666666667 0.5796296296296296 0.17777777777777778 0.5796296296296296 0.17708333333333334 0.5787037037037037 0.1763888888888889 0.5787037037037037 0.17569444444444443 0.5768518518518518 0.17430555555555555 0.5768518518518518 0.1736111111111111 0.575925925925926 0.17291666666666666 0.5703703703703704 0.17291666666666666 0.5694444444444444 0.1736111111111111 0.5685185185185185 0.1736111111111111 0.5666666666666667 0.175 0.5657407407407408 0.175 0.5638888888888889 0.1763888888888889 0.5638888888888889 0.17708333333333334 0.562037037037037 0.17847222222222223 0.562037037037037 0.17916666666666667 0.5583333333333333 0.18194444444444444 0.5574074074074075 0.18194444444444444 0.5564814814814815 0.18263888888888888 0.5555555555555556 0.18263888888888888 0.5537037037037037 0.1840277777777778 0.5527777777777778 0.1840277777777778 0.5518518518518518 0.18472222222222223 0.55 0.18472222222222223 0.549074074074074 0.1840277777777778 0.5481481481481482 0.18472222222222223 0.5453703703703704 0.18472222222222223 0.5444444444444444 0.18541666666666667 0.5435185185185185 0.18472222222222223 0.5388888888888889 0.18472222222222223 0.537962962962963 0.18541666666666667 0.5361111111111111 0.18541666666666667 0.5351851851851852 0.18472222222222223 0.5342592592592592 0.18472222222222223 0.5314814814814814 0.18263888888888888 0.5314814814814814 0.16458333333333333 0.5305555555555556 0.1638888888888889 0.5305555555555556 0.15902777777777777 0.5296296296296297 0.15833333333333333 0.5296296296296297 0.13958333333333334 0.5287037037037037 0.1388888888888889 0.5287037037037037 0.11666666666666667 0.5296296296296297 0.11597222222222223 0.5296296296296297 0.1111111111111111 0.5287037037037037 0.11041666666666666 0.5287037037037037 0.10416666666666667 0.5277777777777778 0.10347222222222222 0.5277777777777778 0.10277777777777777 0.5287037037037037 0.10208333333333333 0.5287037037037037 0.08958333333333333 0.5277777777777778 0.08888888888888889 0.5277777777777778 0.08402777777777778 0.5268518518518519 0.08333333333333333 0.5268518518518519 0.0798611111111111 0.5259259259259259 0.07916666666666666 0.5259259259259259 0.075 0.525 0.07430555555555556 0.525 0.07152777777777777 0.524074074074074 0.07083333333333333 0.524074074074074 0.06944444444444445 0.5231481481481481 0.06875 0.5231481481481481 0.06527777777777778 0.5222222222222223 0.06458333333333334 0.5222222222222223 0.06319444444444444 0.5212962962962963 0.0625 0.5212962962962963 0.06111111111111111 0.5203703703703704 0.06041666666666667 0.5203703703703704 0.059722222222222225 0.5185185185185185 0.058333333333333334 0.5185185185185185 0.05763888888888889 0.5175925925925926 0.05694444444444444 0.5175925925925926 0.05625 0.5157407407407407 0.05486111111111111 0.5148148148148148 0.05486111111111111 0.5138888888888888 0.05416666666666667
0 0.7203703703703703 0.03194444444444444 0.7194444444444444 0.03263888888888889 0.7185185185185186 0.03263888888888889 0.7175925925925926 0.03333333333333333 0.7166666666666667 0.03333333333333333 0.7157407407407408 0.034027777777777775 0.7157407407407408 0.034722222222222224 0.7101851851851851 0.03888888888888889 0.7101851851851851 0.03958333333333333 0.7092592592592593 0.04027777777777778 0.7092592592592593 0.04097222222222222 0.7083333333333334 0.041666666666666664 0.7083333333333334 0.04236111111111111 0.7074074074074074 0.043055555555555555 0.7074074074074074 0.04375 0.7027777777777777 0.04722222222222222 0.7018518518518518 0.04722222222222222 0.6981481481481482 0.05 0.6981481481481482 0.050694444444444445 0.6944444444444444 0.05347222222222222 0.6944444444444444 0.05416666666666667 0.6935185185185185 0.05486111111111111 0.6935185185185185 0.05625 0.6925925925925925 0.05694444444444444 0.6925925925925925 0.058333333333333334 0.6916666666666667 0.059027777777777776 0.6916666666666667 0.06041666666666667 0.6925925925925925 0.06041666666666667 0.6953703703703704 0.058333333333333334 0.6962962962962963 0.058333333333333334 0.7 0.05555555555555555 0.7 0.05416666666666667 0.700925925925926 0.05347222222222222 0.700925925925926 0.05277777777777778 0.7018518518518518 0.052083333333333336 0.7018518518518518 0.05138888888888889 0.7064814814814815 0.04791666666666667 0.7064814814814815 0.04652777777777778 0.7111111111111111 0.043055555555555555 0.712037037037037 0.043055555555555555 0.7157407407407408 0.04027777777777778 0.7157407407407408 0.03888888888888889 0.7166666666666667 0.03819444444444445 0.7166666666666667 0.03680555555555556 0.7175925925925926 0.03611111111111111 0.7175925925925926 0.034722222222222224 0.7194444444444444 0.03333333333333333 0.7203703703703703 0.03333333333333333
0 0.7287037037037037 0.02361111111111111 0.7268518518518519 0.025 0.7268518518518519 0.025694444444444443 0.7287037037037037 0.025694444444444443 0.7287037037037037 0.025 0.7296296296296296 0.024305555555555556
0 0.7518518518518519 0.0 0.7518518518518519 0.0020833333333333333 0.7527777777777778 0.0020833333333333333 0.7546296296296297 0.0006944444444444445 0.7546296296296297 0.0