0 0.5083333333333333 0.5666666666666667 0.5074074074074074 0.5673611111111111 0.5074074074074074 0.5729166666666666 0.5055555555555555 0.5743055555555555 0.5055555555555555 0.5763888888888888 0.5064814814814815 0.5770833333333333 0.5074074074074074 0.5770833333333333 0.5083333333333333 0.5777777777777777 0.512962962962963 0.5777777777777777 0.5138888888888888 0.5770833333333333 0.5148148148148148 0.5770833333333333 0.5148148148148148 0.5756944444444444 0.5138888888888888 0.575 0.5138888888888888 0.5743055555555555 0.5120370370370371 0.5729166666666666 0.5120370370370371 0.5722222222222222 0.5111111111111111 0.5715277777777777 0.5111111111111111 0.5708333333333333 0.5101851851851852 0.5701388888888889 0.5101851851851852 0.5680555555555555
0 0.5009259259259259 0.5590277777777778 0.5 0.5597222222222222 0.5 0.5604166666666667 0.5009259259259259 0.5611111111111111 0.5018518518518519 0.5611111111111111 0.5018518518518519 0.5597222222222222
0 0.4962962962962963 0.5479166666666667 0.49537037037037035 0.5486111111111112 0.49537037037037035 0.5493055555555556 0.4962962962962963 0.55 0.4962962962962963 0.5520833333333334 0.49722222222222223 0.5527777777777778 0.49722222222222223 0.5534722222222223 0.4981481481481482 0.5541666666666667 0.49907407407407406 0.5534722222222223 0.49907407407407406 0.5506944444444445 0.4981481481481482 0.55 0.4981481481481482 0.5479166666666667
0 0.4861111111111111 0.5041666666666667 0.4861111111111111 0.5104166666666666 0.48703703703703705 0.5111111111111111 0.48703703703703705 0.5125 0.487962962962963 0.5131944444444444 0.487962962962963 0.5138888888888888 0.4888888888888889 0.5145833333333333 0.4898148148148148 0.5145833333333333 0.4898148148148148 0.5125 0.4888888888888889 0.5118055555555555 0.4888888888888889 0.5111111111111111 0.487962962962963 0.5104166666666666 0.487962962962963 0.5097222222222222 0.48703703703703705 0.5090277777777777 0.48703703703703705 0.5083333333333333 0.4861111111111111 0.5076388888888889
0 0.48518518518518516 0.4965277777777778 0.4842592592592593 0.49722222222222223 0.4842592592592593 0.4986111111111111 0.48518518518518516 0.49930555555555556 0.48518518518518516 0.5 0.4861111111111111 0.49930555555555556 0.4861111111111111 0.49722222222222223
0 0.4777777777777778 0.4791666666666667 0.4777777777777778 0.48055555555555557 0.47685185185185186 0.48125 0.47685185185185186 0.48194444444444445 0.4777777777777778 0.4826388888888889 0.4777777777777778 0.48333333333333334 0.4787037037037037 0.48333333333333334 0.4787037037037037 0.48055555555555557 0.4777777777777778 0.4798611111111111
0 0.46944444444444444 0.45 0.4685185185185185 0.45069444444444445 0.4685185185185185 0.4513888888888889 0.46944444444444444 0.45208333333333334 0.46944444444444444 0.4527777777777778 0.46944444444444444 0.45208333333333334 0.4703703703703704 0.4513888888888889 0.46944444444444444 0.45069444444444445
0 0.45925925925925926 0.4305555555555556 0.45925925925925926 0.4354166666666667 0.462037037037037 0.4375 0.46296296296296297 0.4375 0.46296296296296297 0.4326388888888889 0.462037037037037 0.43194444444444446 0.462037037037037 0.4305555555555556
0 0.45092592592592595 0.4083333333333333 0.45092592592592595 0.41180555555555554 0.4527777777777778 0.4131944444444444 0.4527777777777778 0.4166666666666667 0.4537037037037037 0.4173611111111111 0.4537037037037037 0.42083333333333334 0.4546296296296296 0.4215277777777778 0.4546296296296296 0.4222222222222222 0.45555555555555555 0.42291666666666666 0.4564814814814815 0.42291666666666666 0.45740740740740743 0.4222222222222222 0.45740740740740743 0.41944444444444445 0.4564814814814815 0.41875 0.4564814814814815 0.4166666666666667 0.45555555555555555 0.41597222222222224 0.45555555555555555 0.41458333333333336 0.4546296296296296 0.41388888888888886 0.4546296296296296 0.4131944444444444 0.45185185185185184 0.4111111111111111 0.45185185185185184 0.4097222222222222 0.45092592592592595 0.40902777777777777
0 0.44351851851851853 0.3875 0.44351851851851853 0.3888888888888889 0.4462962962962963 0.3909722222222222 0.4462962962962963 0.3972222222222222 0.44722222222222224 0.39791666666666664 0.44722222222222224 0.39861111111111114 0.44722222222222224 0.39444444444444443 0.4462962962962963 0.39375 0.4462962962962963 0.38819444444444445 0.4444444444444444 0.38819444444444445
0 0.4305555555555556 0.35625 0.4305555555555556 0.3611111111111111 0.4324074074074074 0.3625 0.43425925925925923 0.3625 0.4351851851851852 0.36180555555555555 0.4351851851851852 0.3611111111111111 0.43425925925925923 0.36041666666666666 0.43425925925925923 0.3597222222222222 0.4324074074074074 0.35833333333333334 0.4324074074074074 0.35694444444444445 0.43148148148148147 0.35625
0 0.34074074074074073 0.15694444444444444 0.3398148148148148 0.15763888888888888 0.33796296296296297 0.15763888888888888 0.33240740740740743 0.16180555555555556 0.33240740740740743 0.1625 0.3287037037037037 0.16527777777777777 0.3287037037037037 0.17569444444444443 0.3296296296296296 0.1763888888888889 0.3296296296296296 0.17847222222222223 0.33055555555555555 0.17916666666666667 0.33055555555555555 0.18055555555555555 0.3314814814814815 0.18125 0.3314814814814815 0.18819444444444444 0.33240740740740743 0.18888888888888888 0.33240740740740743 0.1909722222222222 0.3333333333333333 0.19166666666666668 0.3333333333333333 0.19305555555555556 0.33425925925925926 0.19375 0.33425925925925926 0.19444444444444445 0.3351851851851852 0.1951388888888889 0.3351851851851852 0.19583333333333333 0.33611111111111114 0.19652777777777777 0.33611111111111114 0.19722222222222222 0.33796296296296297 0.1986111111111111 0.33796296296296297 0.19930555555555557 0.3388888888888889 0.2 0.3388888888888889 0.20069444444444445 0.3416666666666667 0.20277777777777778 0.3416666666666667 0.20347222222222222 0.3435185185185185 0.2048611111111111 0.3435185185185185 0.20555555555555555 0.3453703703703704 0.20694444444444443 0.3453703703703704 0.2076388888888889 0.34629629629629627 0.20833333333333334 0.34629629629629627 0.20902777777777778 0.3472222222222222 0.20972222222222223 0.3472222222222222 0.21041666666666667 0.3490740740740741 0.21180555555555555 0.3490740740740741 0.2125 0.35 0.21319444444444444 0.35 0.21458333333333332 0.3509259259259259 0.2152777777777778 0.3509259259259259 0.21597222222222223 0.35185185185185186 0.21666666666666667 0.35185185185185186 0.21736111111111112 0.3527777777777778 0.21805555555555556 0.3527777777777778 0.21875 0.3537037037037037 0.21944444444444444 0.3537037037037037 0.22013888888888888 0.35462962962962963 0.22083333333333333 0.35462962962962963 0.22152777777777777 0.35648148148148145 0.22291666666666668 0.35648148148148145 0.22361111111111112 0.3574074074074074 0.22430555555555556 0.3574074074074074 0.225 0.35833333333333334 0.22569444444444445 0.35833333333333334 0.2263888888888889 0.3592592592592593 0.22708333333333333 0.3592592592592593 0.22777777777777777 0.36018518518518516 0.22847222222222222 0.36018518518518516 0.2298611111111111 0.3611111111111111 0.23055555555555557 0.3611111111111111 0.23125 0.362962962962963 0.2326388888888889 0.362962962962963 0.23333333333333334 0.3638888888888889 0.23402777777777778 0.3638888888888889 0.23472222222222222 0.3648148148148148 0.23541666666666666 0.3648148148148148 0.2361111111111111 0.36666666666666664 0.2375 0.36666666666666664 0.2388888888888889 0.3675925925925926 0.23958333333333334 0.3675925925925926 0.24027777777777778 0.3685185185185185 0.24097222222222223 0.3685185185185185 0.2423611111111111 0.36944444444444446 0.24305555555555555 0.36944444444444446 0.24375 0.37037037037037035 0.24444444444444444 0.37037037037037035 0.24791666666666667 0.36944444444444446 0.24861111111111112 0.36944444444444446 0.25069444444444444 0.3685185185185185 0.2513888888888889 0.3685185185185185 0.2520833333333333 0.36944444444444446 0.25277777777777777 0.36944444444444446 0.25416666666666665 0.37037037037037035 0.2548611111111111 0.37037037037037035 0.2659722222222222 0.3712962962962963 0.26666666666666666 0.3712962962962963 0.27361111111111114 0.37037037037037035 0.2743055555555556 0.37037037037037035 0.28888888888888886 0.36944444444444446 0.28958333333333336 0.36944444444444446 0.29583333333333334 0.3685185185185185 0.2965277777777778 0.3685185185185185 0.30486111111111114 0.3675925925925926 0.3055555555555556 0.3675925925925926 0.32569444444444445 0.36666666666666664 0.3263888888888889 0.36666666666666664 0.3472222222222222 0.36574074074074076 0.34791666666666665 0.36574074074074076 0.36319444444444443 0.3648148148148148 0.3638888888888889 0.3648148148148148 0.3763888888888889 0.3638888888888889 0.3770833333333333 0.3638888888888889 0.3854166666666667 0.362962962962963 0.3861111111111111 0.362962962962963 0.39861111111111114 0.36203703703703705 0.3993055555555556 0.36203703703703705 0.41180555555555554 0.3611111111111111 0.4125 0.3611111111111111 0.4215277777777778 0.36018518518518516 0.4222222222222222 0.36018518518518516 0.44027777777777777 0.3592592592592593 0.4409722222222222 0.3592592592592593 0.45694444444444443 0.35833333333333334 0.4576388888888889 0.35833333333333334 0.47430555555555554 0.3574074074074074 0.475 0.3574074074074074 0.4895833333333333 0.35648148148148145 0.49027777777777776 0.35648148148148145 0.5076388888888889 0.35555555555555557 0.5083333333333333 0.35555555555555557 0.525 0.35462962962962963 0.5256944444444445 0.35462962962962963 0.5375 0.3537037037037037 0.5381944444444444 0.3537037037037037 0.5513888888888889 0.3527777777777778 0.5520833333333334 0.3527777777777778 0.5625 0.35185185185185186 0.5631944444444444 0.35185185185185186 0.5729166666666666 0.3509259259259259 0.5736111111111111 0.3509259259259259 0.5993055555555555 0.35 0.6 0.35 0.6208333333333333 0.3490740740740741 0.6215277777777778 0.3490740740740741 0.6340277777777777 0.34814814814814815 0.6347222222222222 0.34814814814814815 0.6444444444444445 0.3472222222222222 0.6451388888888889 0.3472222222222222 0.6583333333333333 0.34629629629629627 0.6590277777777778 0.34629629629629627 0.6722222222222223 0.3453703703703704 0.6729166666666667 0.3453703703703704 0.6875 0.34444444444444444 0.6881944444444444 0.34444444444444444 0.7027777777777777 0.3435185185185185 0.7034722222222223 0.3435185185185185 0.725 0.3425925925925926 0.7256944444444444 0.3425925925925926 0.7458333333333333 0.3416666666666667 0.7465277777777778 0.3416666666666667 0.7694444444444445 0.34074074074074073 0.7701388888888889 0.34074074074074073 0.7909722222222222 0.3398148148148148 0.7916666666666666 0.3398148148148148 0.8090277777777778 0.3388888888888889 0.8097222222222222 0.3388888888888889 0.8208333333333333 0.33796296296296297 0.8215277777777777 0.33796296296296297 0.8423611111111111 0.337037037037037 0.8430555555555556 0.337037037037037 0.8611111111111112 0.33611111111111114 0.8618055555555556 0.33611111111111114 0.8840277777777777 0.3351851851851852 0.8847222222222222 0.3351851851851852 0.9138888888888889 0.33425925925925926 0.9145833333333333 0.33425925925925926 0.9444444444444444 0.3333333333333333 0.9451388888888889 0.3333333333333333 0.9590277777777778 0.33240740740740743 0.9597222222222223 0.33240740740740743 0.9993055555555556 0.4166666666666667 0.9993055555555556 0.4166666666666667 0.9902777777777778 0.41574074074074074 0.9895833333333334 0.41574074074074074 0.95625 0.4148148148148148 0.9555555555555556 0.4148148148148148 0.9479166666666666 0.41388888888888886 0.9472222222222222 0.41388888888888886 0.9430555555555555 0.412962962962963 0.9423611111111111 0.412962962962963 0.9416666666666667 0.41388888888888886 0.9409722222222222 0.41388888888888886 0.8826388888888889 0.412962962962963 0.8819444444444444 0.412962962962963 0.8743055555555556 0.41388888888888886 0.8736111111111111 0.41388888888888886 0.86875 0.412962962962963 0.8680555555555556 0.412962962962963 0.8340277777777778 0.41203703703703703 0.8333333333333334 0.41203703703703703 0.81875 0.4111111111111111 0.8180555555555555 0.4111111111111111 0.8083333333333333 0.4101851851851852 0.8076388888888889 0.4101851851851852 0.7798611111111111 0.4111111111111111 0.7791666666666667 0.4111111111111111 0.7729166666666667 0.4101851851851852 0.7722222222222223 0.4101851851851852 0.6979166666666666 0.40925925925925927 0.6972222222222222 0.40925925925925927 0.6590277777777778 0.4083333333333333 0.6583333333333333 0.4083333333333333 0.6576388888888889 0.40925925925925927 0.6569444444444444 0.40925925925925927 0.6472222222222223 0.4083333333333333 0.6465277777777778 0.4083333333333333 0.6416666666666667 0.40925925925925927 0.6409722222222223 0.40925925925925927 0.6354166666666666 0.4083333333333333 0.6347222222222222 0.4083333333333333 0.5548611111111111 0.4074074074074074 0.5541666666666667 0.4074074074074074 0.5486111111111112 0.4083333333333333 0.5479166666666667 0.4083333333333333 0.5402777777777777 0.4074074074074074 0.5395833333333333 0.4074074074074074 0.4756944444444444 0.4064814814814815 0.475 0.4064814814814815 0.4708333333333333 0.4074074074074074 0.4701388888888889 0.4074074074074074 0.4652777777777778 0.4064814814814815 0.46458333333333335 0.4064814814814815 0.45208333333333334 0.4074074074074074 0.4513888888888889 0.4074074074074074 0.44930555555555557 0.4064814814814815 0.4486111111111111 0.4064814814814815 0.4375 0.4074074074074074 0.43680555555555556 0.4074074074074074 0.34930555555555554 0.4064814814814815 0.3486111111111111 0.4064814814814815 0.34444444444444444 0.4074074074074074 0.34375 0.4074074074074074 0.3277777777777778 0.4064814814814815 0.32708333333333334 0.4064814814814815 0.3236111111111111 0.4074074074074074 0.3229166666666667 0.4074074074074074 0.31875 0.4083333333333333 0.31805555555555554 0.41203703703703703 0.31805555555555554 0.412962962962963 0.31875 0.41388888888888886 0.31875 0.4148148148148148 0.3194444444444444 0.41574074074074074 0.3194444444444444 0.41759259259259257 0.32083333333333336 0.4185185185185185 0.32083333333333336 0.41944444444444445 0.3215277777777778 0.4222222222222222 0.3194444444444444 0.42314814814814816 0.3194444444444444 0.425 0.31805555555555554 0.42685185185185187 0.31805555555555554 0.42777777777777776 0.3173611111111111 0.42777777777777776 0.31666666666666665 0.4305555555555556 0.3145833333333333 0.4305555555555556 0.3125 0.42962962962962964 0.31180555555555556 0.42962962962962964 0.3104166666666667 0.42777777777777776 0.3090277777777778 0.42685185185185187 0.3090277777777778 0.42592592592592593 0.30833333333333335 0.425 0.30833333333333335 0.42314814814814816 0.30694444444444446 0.4203703703703704 0.30694444444444446 0.41944444444444445 0.30625 0.4185185185185185 0.30625 0.41759259259259257 0.3055555555555556 0.41388888888888886 0.3055555555555556 0.412962962962963 0.30625 0.4101851851851852 0.30625 0.4083333333333333 0.30486111111111114 0.4083333333333333 0.30416666666666664 0.4074074074074074 0.3034722222222222 0.4074074074074074 0.29791666666666666 0.4083333333333333 0.2972222222222222 0.4083333333333333 0.2881944444444444 0.4074074074074074 0.2875 0.4074074074074074 0.2861111111111111 0.4083333333333333 0.28541666666666665 0.4083333333333333 0.2826388888888889 0.40925925925925927 0.28194444444444444 0.40925925925925927 0.28125 0.41203703703703703 0.2791666666666667 0.41203703703703703 0.2777777777777778 0.4148148148148148 0.27569444444444446 0.41574074074074074 0.27569444444444446 0.4166666666666667 0.2763888888888889 0.4185185185185185 0.2763888888888889 0.41944444444444445 0.27708333333333335 0.4212962962962963 0.27708333333333335 0.4222222222222222 0.2777777777777778 0.42407407407407405 0.2777777777777778 0.425 0.27708333333333335 0.42685185185185187 0.27708333333333335 0.42777777777777776 0.2763888888888889 0.4305555555555556 0.2763888888888889 0.43148148148148147 0.27569444444444446 0.4324074074074074 0.27569444444444446 0.43333333333333335 0.275 0.43425925925925923 0.275 0.4351851851851852 0.2743055555555556 0.4361111111111111 0.2743055555555556 0.43703703703703706 0.27361111111111114 0.43796296296296294 0.27361111111111114 0.4388888888888889 0.27291666666666664 0.4398148148148148 0.27291666666666664 0.44074074074074077 0.2722222222222222 0.44351851851851853 0.2722222222222222 0.4444444444444444 0.27152777777777776 0.44537037037037036 0.27152777777777776 0.4462962962962963 0.2708333333333333 0.44722222222222224 0.2708333333333333 0.44814814814814813 0.27152777777777776 0.44907407407407407 0.27152777777777776 0.45 0.2722222222222222 0.45092592592592595 0.2722222222222222 0.45185185185185184 0.27291666666666664 0.4537037037037037 0.27291666666666664 0.4546296296296296 0.27361111111111114 0.45555555555555555 0.27361111111111114 0.4564814814814815 0.2743055555555556 0.45740740740740743 0.2743055555555556 0.4583333333333333 0.275 0.45925925925925926 0.2743055555555556 0.4601851851851852 0.2743055555555556 0.4601851851851852 0.27361111111111114 0.46111111111111114 0.27291666666666664 0.46111111111111114 0.2722222222222222 0.462037037037037 0.27152777777777776 0.462037037037037 0.2701388888888889 0.46296296296296297 0.26944444444444443 0.46296296296296297 0.26666666666666666 0.4638888888888889 0.2659722222222222 0.4638888888888889 0.2604166666666667 0.46296296296296297 0.25972222222222224 0.46296296296296297 0.2569444444444444 0.4638888888888889 0.25625 0.4638888888888889 0.24791666666666667 0.46296296296296297 0.24722222222222223 0.46296296296296297 0.24375 0.462037037037037 0.24305555555555555 0.462037037037037 0.2423611111111111 0.45925925925925926 0.24027777777777778 0.45925925925925926 0.23958333333333334 0.4583333333333333 0.2388888888888889 0.4564814814814815 0.2388888888888889 0.45555555555555555 0.23819444444444443 0.4546296296296296 0.23819444444444443 0.4537037037037037 0.2388888888888889 0.45185185185185184 0.2388888888888889 0.44722222222222224 0.2423611111111111 0.44722222222222224 0.24305555555555555 0.4462962962962963 0.24375 0.4462962962962963 0.24930555555555556 0.44722222222222224 0.25 0.44722222222222224 0.25416666666666665 0.4462962962962963 0.2548611111111111 0.4462962962962963 0.25555555555555554 0.44351851851851853 0.25763888888888886 0.4425925925925926 0.25763888888888886 0.44166666666666665 0.25833333333333336 0.4398148148148148 0.25833333333333336 0.4388888888888889 0.2590277777777778 0.43703703703703706 0.2590277777777778 0.4351851851851852 0.2604166666666667 0.43333333333333335 0.2604166666666667 0.4324074074074074 0.2611111111111111 0.43148148148148147 0.2611111111111111 0.4305555555555556 0.26180555555555557 0.42962962962962964 0.26180555555555557 0.4287037037037037 0.2625 0.42777777777777776 0.2625 0.42685185185185187 0.26319444444444445 0.42592592592592593 0.2625 0.4203703703703704 0.2625 0.41944444444444445 0.26180555555555557 0.4185185185185185 0.26180555555555557 0.41759259259259257 0.2611111111111111 0.4166666666666667 0.2611111111111111 0.4083333333333333 0.2548611111111111 0.4083333333333333 0.2534722222222222 0.4074074074074074 0.25277777777777777 0.4074074074074074 0.2361111111111111 0.4083333333333333 0.23541666666666666 0.4083333333333333 0.22777777777777777 0.4074074074074074 0.22708333333333333 0.4074074074074074 0.225 0.4083333333333333 0.22430555555555556 0.4083333333333333 0.2152777777777778 0.40925925925925927 0.21458333333333332 0.40925925925925927 0.21180555555555555 0.4101851851851852 0.2111111111111111 0.4101851851851852 0.20902777777777778 0.4111111111111111 0.20833333333333334 0.4111111111111111 0.2013888888888889 0.4101851851851852 0.20069444444444445 0.4101851851851852 0.19652777777777777 0.40925925925925927 0.19583333333333333 0.40925925925925927 0.19027777777777777 0.4083333333333333 0.18958333333333333 0.4083333333333333 0.18680555555555556 0.4074074074074074 0.18611111111111112 0.4074074074074074 0.18472222222222223 0.4064814814814815 0.1840277777777778 0.4064814814814815 0.18194444444444444 0.40555555555555556 0.18125 0.40555555555555556 0.1798611111111111 0.4046296296296296 0.17916666666666667 0.4046296296296296 0.1763888888888889 0.40370370370370373 0.17569444444444443 0.40370370370370373 0.1736111111111111 0.4027777777777778 0.17291666666666666 0.4027777777777778 0.17152777777777778 0.40185185185185185 0.17083333333333334 0.40185185185185185 0.1701388888888889 0.4009259259259259 0.16944444444444445 0.4009259259259259 0.16875 0.4 0.16805555555555557 0.4 0.16597222222222222 0.3990740740740741 0.16527777777777777 0.3990740740740741 0.16458333333333333 0.39814814814814814 0.1638888888888889 0.39814814814814814 0.1625 0.3972222222222222 0.16180555555555556 0.3972222222222222 0.16111111111111112 0.3962962962962963 0.16041666666666668 0.39537037037037037 0.16041666666666668 0.39444444444444443 0.1597222222222222 0.3907407407407407 0.1597222222222222 0.38981481481481484 0.16041666666666668 0.3888888888888889 0.16041666666666668 0.3861111111111111 0.1625 0.3861111111111111 0.16319444444444445 0.38425925925925924 0.16458333333333333 0.38425925925925924 0.16527777777777777 0.38333333333333336 0.16597222222222222 0.38333333333333336 0.1673611111111111 0.38425925925925924 0.16805555555555557 0.38425925925925924 0.17430555555555555 0.3851851851851852 0.175 0.3851851851851852 0.17569444444444443 0.3861111111111111 0.1763888888888889 0.3861111111111111 0.17708333333333334 0.387037037037037 0.17777777777777778 0.387037037037037 0.17916666666666667 0.3888888888888889 0.18055555555555555 0.3888888888888889 0.18194444444444444 0.38981481481481484 0.18263888888888888 0.38981481481481484 0.18611111111111112 0.3907407407407407 0.18680555555555556 0.3907407407407407 0.19166666666666668 0.38981481481481484 0.19236111111111112 0.38981481481481484 0.19305555555555556 0.3861111111111111 0.19583333333333333 0.38425925925925924 0.19583333333333333 0.38333333333333336 0.19652777777777777 0.3824074074074074 0.19652777777777777 0.3814814814814815 0.19722222222222222 0.38055555555555554 0.19722222222222222 0.37962962962962965 0.19791666666666666 0.37777777777777777 0.19791666666666666 0.375 0.2 0.375 0.20069444444444445 0.37407407407407406 0.2013888888888889 0.37407407407407406 0.20208333333333334 0.3731481481481482 0.20277777777777778 0.3731481481481482 0.2048611111111111 0.37222222222222223 0.20555555555555555 0.37222222222222223 0.20972222222222223 0.3731481481481482 0.21041666666666667 0.3731481481481482 0.2111111111111111 0.37407407407407406 0.21180555555555555 0.37407407407407406 0.21666666666666667 0.37222222222222223 0.21805555555555556 0.36944444444444446 0.21805555555555556 0.3675925925925926 0.21666666666666667 0.3675925925925926 0.2152777777777778 0.36666666666666664 0.21458333333333332 0.36666666666666664 0.21319444444444444 0.36574074074074076 0.2125 0.36574074074074076 0.21180555555555555 0.3648148148148148 0.2111111111111111 0.3648148148148148 0.21041666666666667 0.3638888888888889 0.20972222222222223 0.3638888888888889 0.20902777777777778 0.362962962962963 0.20833333333333334 0.362962962962963 0.2076388888888889 0.36203703703703705 0.20694444444444443 0.36203703703703705 0.20625 0.3611111111111111 0.20555555555555555 0.3611111111111111 0.2048611111111111 0.36018518518518516 0.20416666666666666 0.36018518518518516 0.20347222222222222 0.35833333333333334 0.20208333333333334 0.35833333333333334 0.20069444444444445 0.3574074074074074 0.2 0.3574074074074074 0.19930555555555557 0.35555555555555557 0.19791666666666666 0.35555555555555557 0.19722222222222222 0.3527777777777778 0.1951388888888889 0.3527777777777778 0.19444444444444445 0.35185185185185186 0.19375 0.35185185185185186 0.19305555555555556 0.3509259259259259 0.19236111111111112 0.3509259259259259 0.18958333333333333 0.35 0.18888888888888888 0.35 0.18819444444444444 0.3472222222222222 0.18611111111111112 0.3472222222222222 0.18472222222222223 0.34629629629629627 0.1840277777777778 0.34629629629629627 0.18263888888888888 0.3453703703703704 0.18194444444444444 0.3453703703703704 0.18125 0.34629629629629627 0.18055555555555555 0.34629629629629627 0.17847222222222223 0.3472222222222222 0.17777777777777778 0.3472222222222222 0.175 0.34814814814814815 0.17430555555555555 0.34814814814814815 0.1701388888888889 0.3472222222222222 0.16944444444444445 0.3472222222222222 0.16666666666666666 0.34629629629629627 0.16597222222222222 0.34629629629629627 0.1638888888888889 0.3453703703703704 0.16319444444444445 0.3453703703703704 0.1625 0.34444444444444444 0.16180555555555556 0.34444444444444444 0.15833333333333333 0.3435185185185185 0.15833333333333333 0.3416666666666667 0.15694444444444444